Summer_School_UNIBAS_SpatialEcology_Matera_2016/GFI/1/INPUT_calibration/demcon_rit.txt
ncols        568
nrows        686
xllcorner    376209.518809247350
yllcorner    4202368.533232135700
dx           90.037702082453
dy           90.005760368660
NODATA_value -9999
[rows 266 to 303 of 686, columns 344 to 429 of 568]
321 317 295 278 268 259 267 272 272 240 225 216 211 204 226 243 246 240 207 204 213 226 236 229 217 221 246 257 255 244 238 259 268 272 281 317 316 312 307 288 278 265 255 233 241 251 259 267 265 285 307 322 323 307 291 271 250 247 249 256 253 245 235 227 218 208 220 239 254 259 266 278 287 296 306 308 308 319 325 333 326 311 301 306 313 312
324 319 305 295 277 243 238 272 272 237 221 210 206 217 244 260 269 268 234 215 204 210 218 213 222 227 235 238 238 238 250 271 274 285 292 317 327 328 325 306 298 284 267 252 248 247 251 251 266 288 310 323 323 317 308 294 279 275 280 276 258 247 242 236 224 208 215 229 238 242 253 262 271 284 289 291 287 304 320 328 327 317 318 329 334 331
325 309 300 290 277 243 238 244 248 227 212 207 221 259 266 280 288 284 244 224 208 204 208 210 222 230 230 233 240 259 281 287 288 294 296 306 314 315 316 320 309 290 271 269 275 272 263 255 262 281 301 309 318 324 319 307 302 303 302 290 254 242 237 233 223 208 213 220 227 233 245 251 253 264 270 270 272 291 313 326 330 328 330 337 340 331
323 294 300 290 276 250 237 228 226 212 212 226 250 286 287 284 284 275 238 220 210 204 204 204 215 221 242 259 268 270 282 281 282 274 282 292 298 304 314 324 311 286 274 300 308 305 291 263 260 265 278 286 310 317 313 302 299 301 301 289 267 252 239 230 215 210 211 216 220 230 233 240 242 249 253 255 260 291 311 329 332 323 325 328 329 320
323 294 279 269 262 245 235 223 215 218 231 254 276 286 281 269 260 250 223 212 206 208 220 211 204 212 245 267 270 267 256 255 255 271 280 298 307 311 316 324 306 287 277 304 311 310 303 286 271 263 264 274 304 310 305 290 273 276 277 276 264 258 247 235 215 210 222 235 239 233 233 233 233 237 240 247 265 292 302 317 319 302 305 309 311 300
302 283 274 264 253 230 226 224 218 237 260 284 290 276 260 249 242 235 221 225 216 215 244 233 213 204 234 250 252 243 240 249 268 279 286 309 308 306 307 314 305 286 277 285 288 296 301 309 297 289 276 273 296 307 306 287 260 256 256 256 252 249 243 234 211 213 223 243 249 249 246 243 246 251 253 259 271 294 294 295 297 283 277 284 285 271
302 298 298 286 268 244 244 242 231 248 279 299 295 265 254 251 252 248 248 236 227 222 255 248 230 215 211 225 226 228 251 261 268 276 301 305 300 290 287 311 307 284 268 263 269 281 305 328 324 317 308 290 290 307 308 297 269 259 250 243 238 235 232 227 215 212 225 241 252 256 258 259 263 273 272 274 283 297 290 284 280 267 264 260 258 257
317 328 322 303 276 264 273 267 247 253 286 302 295 264 274 286 287 268 259 246 224 230 264 263 253 235 204 209 214 224 254 259 258 266 296 297 287 276 278 309 308 285 266 259 274 294 310 327 323 320 318 295 293 308 315 312 282 271 265 257 252 251 246 242 225 217 224 239 251 252 256 260 272 289 290 290 299 304 295 287 280 270 263 258 254 257
316 322 316 306 296 286 295 288 257 253 282 301 292 292 294 298 297 281 266 241 226 238 278 283 266 248 214 204 210 220 242 242 248 264 294 290 273 265 268 297 298 279 260 262 285 303 310 306 305 311 326 316 304 311 324 325 297 287 276 265 262 263 264 255 232 217 219 232 247 248 246 258 270 282 286 297 310 316 311 304 297 285 283 258 254 247
295 299 305 311 311 307 302 290 260 255 270 289 296 296 297 285 277 267 254 234 228 249 282 283 266 248 223 217 207 213 224 229 242 259 288 281 265 252 261 285 280 266 251 268 281 292 293 288 296 318 331 328 317 316 326 329 317 297 280 267 253 257 262 256 227 217 217 221 237 241 243 254 262 266 277 294 306 313 312 313 297 285 283 285 279 258
277 279 298 315 330 322 304 280 263 256 262 280 297 300 283 273 266 249 240 228 238 286 286 274 255 243 232 232 229 219 213 220 233 251 278 272 257 247 254 271 264 250 239 260 269 268 272 292 304 310 325 324 316 314 317 323 325 309 285 266 243 241 244 240 223 217 217 217 228 231 239 247 254 261 277 288 292 313 312 313 317 315 314 314 309 287
288 302 314 322 342 327 301 274 269 287 283 287 301 308 305 302 292 257 244 232 250 290 288 267 248 248 258 261 258 248 218 213 221 236 260 257 248 242 255 255 250 237 233 251 253 258 270 292 293 299 302 298 292 293 299 323 322 306 283 265 240 233 231 228 220 224 225 217 217 227 232 242 245 265 279 288 292 291 302 316 323 324 322 319 313 296
325 327 326 319 321 309 287 280 289 316 317 318 320 328 316 309 300 270 246 239 256 292 288 269 271 279 289 284 276 262 227 213 213 218 237 240 237 237 244 245 240 230 225 244 256 276 285 291 282 274 273 273 277 285 299 316 310 293 272 257 237 231 227 224 244 246 243 237 218 218 226 235 252 265 279 282 281 275 290 306 315 312 308 301 293 281
333 328 322 304 287 286 279 277 286 312 318 323 324 329 315 293 281 258 246 247 268 307 301 298 295 297 299 289 269 254 220 214 213 213 219 222 222 219 228 230 228 222 234 260 277 293 293 279 266 259 255 260 273 291 308 308 296 277 261 246 232 230 224 232 268 274 268 258 234 223 226 235 256 271 278 278 267 272 294 310 310 300 292 284 276 256
324 312 295 282 264 265 268 268 278 284 299 300 310 320 305 282 263 248 252 270 279 318 325 318 303 292 278 270 253 232 219 230 234 224 213 215 213 213 213 217 219 225 238 263 280 292 291 261 246 243 243 274 290 308 316 303 283 267 254 246 239 229 230 241 283 294 284 258 234 223 220 235 260 272 273 265 257 276 296 314 317 301 293 287 280 256
320 309 281 264 254 264 274 283 276 277 279 296 313 316 295 277 262 262 281 297 305 315 321 313 294 259 253 247 233 219 245 258 258 247 218 213 218 223 221 216 216 218 243 256 268 272 267 238 243 249 266 293 302 313 324 293 279 267 265 270 251 238 236 247 292 294 284 270 242 235 220 229 254 263 260 252 248 280 301 316 322 319 315 311 307 279
329 312 278 259 260 284 304 310 312 297 293 295 314 318 294 282 278 283 303 314 312 292 283 276 262 241 234 228 220 228 265 275 274 259 227 223 235 242 242 242 231 217 224 238 248 250 242 242 256 273 289 304 304 308 314 298 285 283 290 281 259 245 236 247 292 297 287 268 244 238 238 227 237 244 246 246 259 284 295 308 319 330 326 319 312 286
322 305 276 254 262 288 304 308 318 320 318 310 322 324 320 312 298 299 306 308 302 265 257 249 243 228 225 223 226 237 280 284 276 259 229 231 241 251 265 263 254 240 217 220 232 231 232 258 273 287 304 311 301 295 305 310 313 311 310 281 259 245 241 255 295 296 276 260 254 261 254 245 228 236 243 252 274 280 286 293 305 325 322 309 297 279
305 286 265 247 256 269 278 285 312 324 327 332 332 334 331 324 319 303 304 295 281 264 260 258 250 239 240 245 237 241 288 290 275 259 229 230 242 259 286 288 274 260 229 221 220 230 241 264 272 287 305 306 291 283 291 318 331 311 310 288 262 249 246 259 300 295 279 265 276 276 266 249 235 232 240 249 266 264 269 280 294 315 310 301 293 281
275 260 248 243 254 258 261 271 301 320 336 344 322 316 313 324 335 313 294 288 282 290 286 274 264 259 263 258 246 268 293 297 284 266 229 229 243 260 296 301 295 279 246 229 222 228 240 258 265 280 301 295 279 273 291 318 331 333 318 282 262 251 248 263 299 299 294 281 291 286 273 263 247 232 236 245 256 258 263 274 288 311 309 301 299 302
247 241 237 244 269 274 278 279 297 321 332 332 303 292 303 326 340 312 305 311 318 310 300 282 270 281 276 266 247 274 298 304 293 274 234 229 243 265 301 312 310 292 258 244 227 222 241 251 260 277 292 286 279 273 282 324 342 344 325 277 260 251 251 277 297 307 306 304 307 301 293 286 258 241 232 243 261 268 270 278 293 316 315 314 319 316
229 234 247 265 299 313 316 312 315 322 334 323 288 287 300 317 331 330 325 325 330 324 301 290 299 312 298 276 257 283 297 298 286 267 231 229 243 268 305 319 316 303 269 253 238 222 236 245 258 277 292 286 267 266 278 318 332 333 320 275 265 258 259 279 293 311 318 326 315 305 303 298 264 246 235 240 274 287 294 298 314 326 329 328 328 317
245 259 268 282 313 325 326 324 320 319 321 314 283 281 289 307 328 334 327 316 322 326 317 315 319 323 306 278 261 284 293 282 267 253 231 229 245 270 301 307 310 302 272 258 240 232 228 245 258 270 277 265 257 256 278 310 315 322 314 278 273 277 282 285 295 309 327 332 309 294 290 291 266 245 239 244 283 299 314 321 318 319 323 323 322 308
282 294 303 299 310 308 313 316 306 301 311 317 281 275 282 302 326 317 304 304 320 332 323 318 314 315 294 277 275 285 284 275 265 254 244 233 238 263 285 286 290 294 275 259 240 232 228 239 251 258 258 248 243 258 269 297 311 322 322 294 292 298 309 302 302 316 325 325 294 278 272 271 256 240 239 254 289 309 325 337 320 312 302 300 299 295
311 315 315 305 292 302 308 305 283 288 307 312 276 266 273 288 298 291 292 301 326 325 312 299 296 304 292 284 296 306 301 298 297 282 262 243 237 250 266 270 279 290 275 259 246 239 223 230 237 243 239 239 252 263 275 304 324 340 339 325 321 323 333 333 329 327 326 320 281 265 255 252 242 239 251 271 307 319 323 331 323 314 302 289 282 284
315 311 298 282 283 301 300 290 268 278 289 287 259 250 263 271 279 280 291 310 332 314 295 286 284 296 303 311 318 321 314 312 313 290 265 251 238 246 258 270 279 290 278 266 263 256 237 225 230 231 240 251 268 276 282 305 324 344 349 332 328 328 333 343 340 331 322 289 270 252 240 239 239 246 258 282 319 330 328 319 317 312 306 296 281 265
290 281 269 260 272 284 282 262 249 261 262 257 248 258 268 273 282 289 298 316 337 327 313 292 275 298 313 325 322 317 306 296 290 273 261 250 253 246 258 262 271 284 292 291 282 271 250 235 225 231 250 263 269 277 279 305 325 333 333 312 306 307 314 334 333 316 302 275 255 242 243 248 249 244 256 278 317 331 332 314 298 299 297 291 271 260
257 250 241 238 249 255 248 239 242 243 246 247 269 287 299 305 315 316 317 317 332 327 324 305 275 282 306 315 309 302 292 276 273 263 261 250 253 251 257 260 270 283 304 304 288 273 251 241 227 229 254 261 262 262 269 307 320 322 315 289 288 299 316 326 317 299 285 258 243 247 262 276 274 259 250 265 307 327 326 320 296 288 280 277 266 254
226 226 224 224 228 234 234 234 247 251 256 268 288 294 304 317 324 324 321 315 304 316 321 305 279 266 280 285 283 299 297 291 273 263 261 271 277 275 277 284 289 299 311 301 285 268 246 242 237 227 243 246 251 255 274 300 312 306 294 277 283 305 325 318 303 285 270 249 243 258 278 297 291 271 254 258 291 306 316 312 309 296 282 269 257 255
222 223 223 231 235 237 242 256 268 277 293 293 288 285 290 310 305 301 298 289 287 307 308 294 274 256 259 268 284 299 297 291 277 277 291 305 308 303 300 304 306 311 317 301 279 267 263 258 249 235 235 243 251 264 283 289 288 283 274 272 292 314 334 309 293 277 263 246 250 264 284 301 298 274 263 258 274 286 295 312 323 311 293 273 274 277
243 247 251 264 269 272 283 291 302 313 309 299 268 261 277 301 285 277 272 270 292 308 305 284 265 246 258 268 284 318 322 315 303 305 314 319 321 313 307 302 304 315 322 303 292 290 289 281 268 253 230 239 253 263 275 271 268 259 252 283 301 321 339 317 297 283 275 251 247 261 281 305 298 284 277 277 266 277 293 313 332 320 301 285 288 287
280 287 289 281 287 290 295 304 315 330 320 296 252 253 271 286 268 256 255 262 306 311 302 283 265 246 258 275 301 312 315 308 305 320 316 313 306 297 288 290 300 319 334 325 321 325 310 294 279 264 242 233 241 249 258 254 247 248 262 297 314 333 344 331 320 306 289 256 248 258 271 297 301 304 308 305 277 277 295 315 337 324 314 298 291 280
299 300 301 277 271 274 276 296 318 323 313 284 244 245 254 262 252 252 265 287 311 310 302 283 246 248 263 288 315 306 289 292 305 329 320 297 280 271 273 286 305 336 336 329 328 337 317 296 281 267 246 241 235 237 246 239 247 260 275 313 328 339 348 349 342 324 296 257 263 262 264 298 310 320 325 319 284 281 295 314 331 326 319 310 283 278
297 283 277 261 255 254 258 296 319 313 297 270 241 235 237 241 251 270 293 313 311 310 294 269 241 249 270 294 320 296 273 272 288 323 320 288 270 257 272 292 312 327 321 315 321 324 310 292 277 264 251 251 255 242 237 243 253 269 302 319 329 333 336 345 342 324 301 279 287 290 281 292 311 329 338 331 300 287 299 311 318 317 313 305 298 309
290 266 251 241 238 240 255 296 313 310 282 258 231 235 243 251 273 270 293 313 316 302 281 259 234 249 271 296 319 294 266 260 272 315 312 287 261 256 279 300 312 311 301 304 317 323 300 283 267 255 268 278 277 269 240 237 256 271 301 312 314 312 310 317 319 315 303 301 312 316 305 297 311 332 344 320 305 297 306 314 300 308 308 311 307 319
296 267 247 227 231 244 265 296 299 287 263 229 226 246 264 251 273 295 320 325 303 286 275 261 233 251 274 300 314 289 266 254 262 295 291 269 251 263 285 298 305 291 289 299 321 328 295 278 262 260 283 293 294 283 251 237 247 261 283 289 289 285 284 292 305 310 317 318 330 335 332 309 321 333 346 316 303 296 306 318 287 288 295 300 305 317
302 273 248 221 233 255 278 293 286 266 245 217 226 246 264 279 295 306 325 332 286 272 265 256 233 252 278 307 297 277 262 251 256 274 265 251 239 263 279 285 283 275 283 298 321 331 293 273 268 272 298 305 306 291 256 244 243 250 260 265 265 261 258 284 299 320 330 339 341 348 341 328 325 329 339 317 294 283 299 309 278 272 276 281 307 308
296 273 250 219 237 265 289 288 264 241 245 217 239 262 290 307 299 300 313 317 285 262 251 242 234 253 277 304 283 265 252 245 246 251 245 237 233 255 262 260 259 269 283 301 323 310 288 277 278 287 314 313 308 291 257 252 253 249 250 250 253 252 268 305 319 329 335 338 338 336 330 321 318 316 320 312 289 276 282 290 268 259 272 292 300 299
