Summer_School_UNIBAS_SpatialEcology_Matera_2016/GFI/1/INPUT_calibration/demcon_rit.txt
ncols        568
nrows        686
xllcorner    376209.518809247350
yllcorner    4202368.533232135700
dx           90.037702082453
dy           90.005760368660
NODATA_value -9999
[rows 38 to 75 of 686, columns 258 to 343 of 568]
263 272 268 256 236 224 214 221 245 245 229 209 212 222 231 242 261 265 273 269 269 261 256 242 231 236 245 248 250 231 213 210 207 235 231 235 246 273 281 280 264 247 256 267 272 259 233 223 223 227 249 248 243 244 255 262 265 268 274 276 279 281 278 258 248 235 238 268 276 281 276 273 253 241 258 254 242 250 261 285 293 297 293 286 280 -9999
260 268 264 255 249 243 226 214 219 221 209 205 221 229 239 255 267 265 273 269 262 262 258 255 246 225 230 241 252 247 226 207 210 251 256 259 249 268 273 272 258 249 243 253 253 245 223 230 244 248 271 272 269 260 252 262 272 276 284 292 291 288 284 268 257 242 235 266 270 268 269 279 265 238 242 245 238 247 259 278 287 299 291 280 274 272
252 260 260 249 251 243 231 220 205 205 205 218 227 236 247 255 267 265 265 264 263 252 258 256 257 240 224 228 239 248 226 207 210 244 256 260 260 269 268 263 251 243 231 229 234 222 236 255 265 267 274 274 274 273 270 268 273 277 293 301 300 292 283 269 258 247 235 253 257 256 262 282 277 251 231 235 231 247 256 271 279 287 289 293 272 268
246 260 261 250 237 234 228 218 205 214 234 243 238 236 247 261 261 254 259 266 260 249 245 248 253 245 235 220 224 236 217 207 208 230 241 253 269 277 269 259 256 255 241 223 220 220 252 271 278 273 261 267 273 278 286 286 285 291 294 300 299 293 271 264 256 246 231 240 239 249 264 289 284 257 234 224 232 237 244 261 277 287 298 294 288 286
241 254 254 248 250 247 237 222 205 222 247 243 238 238 247 256 247 247 259 270 265 258 247 241 240 239 232 216 212 216 207 207 221 248 252 263 276 282 272 269 271 267 254 232 220 223 261 275 277 269 255 266 268 271 276 282 290 296 293 292 295 293 275 267 259 249 241 228 237 248 267 284 276 256 239 225 236 249 258 270 275 286 291 294 292 288
231 238 244 253 249 241 229 215 202 222 247 263 247 240 242 245 239 245 255 264 271 263 251 238 236 227 222 217 207 207 207 213 230 258 268 275 278 282 282 277 268 265 256 241 220 223 269 276 270 254 250 259 255 257 271 280 287 289 274 281 291 294 279 270 261 254 246 228 230 247 267 280 265 250 233 226 241 253 264 286 287 283 282 285 283 276
213 221 228 232 223 208 202 215 202 215 236 247 238 231 230 230 236 246 255 264 270 262 252 248 252 248 242 237 234 217 207 210 230 261 275 283 280 275 278 274 269 252 249 234 220 241 264 269 260 242 244 244 250 259 282 290 288 281 263 277 291 294 293 283 271 260 241 229 228 238 259 268 252 237 225 226 239 254 267 294 293 284 270 270 275 269
197 199 206 205 223 208 202 201 201 202 216 219 218 218 218 218 239 248 254 259 269 264 264 268 271 266 266 261 257 229 207 211 227 256 271 279 277 262 266 271 268 251 242 228 215 239 261 263 248 234 232 240 253 262 275 281 281 270 261 276 287 298 299 289 275 262 244 242 230 228 238 248 235 225 223 240 241 252 264 287 283 276 269 260 258 258
197 197 206 205 197 197 201 212 210 201 201 206 223 223 223 226 240 242 249 254 271 273 267 267 271 264 262 260 263 236 212 206 220 252 265 272 267 250 259 269 271 265 255 241 220 227 250 250 236 228 222 234 242 247 254 257 258 251 260 273 284 292 290 281 269 259 265 259 243 223 224 223 220 223 240 260 276 272 271 284 284 284 285 267 261 257
197 197 197 197 197 207 228 248 238 224 214 213 226 225 224 231 249 252 249 255 271 273 266 255 262 255 245 250 252 237 218 206 211 244 253 258 248 249 262 271 276 265 256 243 231 218 225 230 219 218 221 221 228 231 233 240 242 242 265 276 291 300 289 278 271 279 274 266 249 231 220 220 230 249 259 277 291 292 293 291 294 290 290 277 272 257
197 197 208 201 197 206 229 249 246 241 241 229 219 223 232 244 263 267 263 258 269 271 261 249 256 248 235 236 236 228 218 206 208 234 242 235 236 256 260 269 278 256 243 236 228 213 215 213 213 238 243 244 238 241 239 237 243 258 268 283 295 305 294 289 286 286 279 270 256 242 220 223 241 260 268 276 284 295 303 297 290 283 279 277 272 267
204 229 237 216 204 197 207 232 241 243 248 248 230 222 236 252 266 263 259 253 270 271 262 247 244 235 224 222 222 222 217 215 206 221 224 232 245 254 257 266 275 264 255 246 238 216 213 216 233 265 268 265 263 264 267 264 265 274 282 285 291 294 295 294 284 280 274 270 265 254 220 220 231 247 251 264 282 291 299 295 290 283 279 275 275 277
229 246 257 232 215 201 199 213 217 224 236 242 234 221 235 253 262 252 247 252 274 276 268 250 227 227 231 235 238 242 241 227 204 212 222 239 253 249 248 258 268 271 266 260 252 219 213 226 245 273 283 282 278 278 279 282 284 286 289 282 283 277 285 287 277 262 254 255 255 248 221 220 220 231 242 275 278 285 299 295 281 279 275 265 266 271
248 251 250 227 215 213 214 211 215 215 215 221 220 215 230 245 246 239 245 252 269 273 271 261 243 244 251 259 254 252 246 236 208 201 214 233 242 237 237 249 263 272 262 255 245 216 213 230 248 271 285 294 287 276 282 293 293 285 277 267 264 261 282 282 274 256 239 237 237 236 221 220 225 246 262 272 278 285 288 291 290 290 289 258 258 262
259 248 239 221 225 232 231 235 237 229 218 215 215 215 222 233 231 233 238 249 257 267 272 265 257 267 271 276 262 254 248 246 224 208 201 210 221 223 232 242 252 265 259 243 236 218 211 225 239 262 279 285 283 266 276 292 294 286 268 261 248 250 272 278 276 267 254 247 242 237 220 220 231 246 262 272 278 270 275 291 288 288 288 268 247 253
251 246 241 245 251 252 253 260 261 256 243 227 219 215 215 228 235 240 244 248 254 264 272 269 274 276 271 272 266 266 266 266 245 222 207 201 219 234 236 239 244 264 264 257 244 219 211 219 235 255 270 275 274 254 274 289 295 291 285 275 261 246 258 269 271 267 270 272 261 251 225 220 231 246 258 260 260 268 278 289 281 276 278 272 259 246
265 266 262 267 274 274 268 269 272 269 257 243 235 221 215 227 230 241 244 245 255 264 272 275 276 279 267 259 258 259 257 256 246 228 207 201 240 249 255 254 260 270 275 268 250 214 211 225 239 263 270 269 262 257 274 280 288 297 296 281 264 254 242 252 249 252 284 286 276 251 225 220 224 236 243 252 262 272 295 295 279 268 267 274 272 254
287 285 283 273 273 274 270 262 261 259 253 236 230 223 215 220 229 233 237 244 264 269 275 281 278 271 260 249 240 240 240 237 229 217 201 210 241 249 252 256 269 269 267 258 248 212 211 233 256 267 267 260 249 265 272 276 271 295 294 284 264 255 237 237 245 259 284 286 276 259 232 220 220 233 256 262 262 269 290 292 285 265 258 272 272 261
287 284 284 279 267 256 253 245 242 237 233 228 226 223 224 229 238 248 255 262 265 269 271 275 275 270 263 261 257 250 240 235 217 208 199 207 228 234 242 259 270 261 251 244 240 207 215 238 255 260 250 241 244 259 267 264 262 291 295 289 284 275 247 235 245 259 287 285 272 261 238 220 220 227 253 259 255 254 281 288 282 271 255 261 265 259
277 270 276 277 269 256 242 234 234 234 240 248 250 242 231 231 245 257 259 258 257 253 256 267 277 272 265 261 256 254 254 249 233 217 202 198 221 233 244 255 271 265 253 241 232 207 211 228 238 235 235 246 260 263 254 254 269 286 291 294 291 263 247 235 241 257 284 282 269 260 241 233 216 212 231 235 243 252 279 276 272 266 246 245 250 248
272 262 262 279 273 259 253 248 240 253 267 262 256 246 233 229 242 248 248 240 236 241 252 266 276 272 260 252 240 238 245 250 246 234 211 199 216 238 251 262 277 277 268 254 238 207 211 215 224 239 252 260 259 248 251 266 283 287 280 294 291 263 249 234 236 250 283 280 272 260 245 237 225 217 218 230 244 262 281 271 256 265 256 240 233 234
269 256 265 274 273 270 276 262 253 262 276 260 251 236 228 224 231 235 230 228 229 242 254 279 275 269 263 262 243 229 229 230 239 231 217 202 227 250 263 271 279 277 270 261 241 207 211 226 244 263 261 261 256 245 263 271 287 287 280 283 282 258 244 231 231 245 271 272 272 274 251 240 227 215 227 250 258 263 279 266 251 252 259 250 237 228
265 250 256 270 277 278 284 269 262 268 277 255 237 232 228 216 224 219 219 231 242 247 260 282 281 281 280 272 249 237 229 226 222 220 214 196 228 252 261 268 275 265 256 249 217 207 211 237 258 266 263 249 241 251 261 271 287 286 271 271 275 269 252 237 231 246 258 270 282 284 259 241 227 213 233 252 258 260 276 268 249 244 262 258 239 228
251 239 251 263 271 273 278 280 270 276 277 257 249 248 237 218 213 219 227 252 262 271 273 278 280 281 283 279 254 244 241 235 227 222 212 196 224 238 240 252 271 263 246 240 214 207 217 237 252 250 239 232 241 251 261 272 283 279 263 260 270 280 263 247 233 242 254 263 275 282 256 241 228 214 223 237 240 250 274 268 250 242 257 255 238 224
237 231 250 256 257 258 289 289 284 283 283 272 266 259 248 219 213 221 233 259 266 274 277 265 262 266 279 285 261 254 258 251 246 243 220 196 212 224 237 249 264 265 257 243 214 207 218 230 238 225 239 232 232 251 262 270 278 272 260 248 261 283 274 254 235 231 245 257 271 278 259 243 231 220 209 224 239 255 270 265 254 238 241 242 227 218
241 229 241 244 244 251 291 292 292 285 284 272 263 254 250 231 213 214 230 249 251 255 258 245 243 261 279 276 266 266 267 265 260 252 224 200 209 226 232 238 266 273 261 247 212 207 207 213 233 225 225 228 243 261 259 266 272 264 255 243 253 277 273 264 243 228 242 260 271 278 259 249 239 230 209 221 241 256 262 254 248 237 231 221 218 227
250 229 228 232 234 247 274 281 283 279 270 257 248 248 256 241 221 213 218 230 236 239 239 233 243 253 268 279 268 261 263 268 264 250 230 202 200 217 221 226 268 271 263 247 208 207 207 213 219 227 238 253 258 263 261 258 270 272 254 243 243 265 273 271 252 224 242 254 262 261 259 265 251 238 209 213 235 252 257 243 233 228 212 218 234 241
255 230 220 220 225 239 253 267 278 278 255 244 240 236 240 234 233 220 207 221 224 226 224 237 242 249 260 278 267 253 247 248 250 244 229 207 196 210 223 240 265 271 261 247 208 207 207 215 244 249 253 257 257 248 251 256 271 279 264 242 238 259 272 272 254 221 233 237 240 251 266 273 263 246 217 209 222 242 255 238 226 215 223 245 256 263
254 230 206 210 221 228 249 266 279 282 261 250 240 232 226 230 232 223 213 207 217 222 235 259 263 267 267 269 256 245 240 233 232 230 225 214 196 206 231 249 258 271 261 243 207 207 209 227 250 252 249 240 238 241 250 265 278 277 260 245 231 254 269 266 250 221 224 236 248 265 274 279 270 253 223 206 208 229 250 232 216 205 238 251 257 260
245 223 209 220 230 241 264 276 287 285 265 250 244 238 234 220 214 215 207 210 229 245 258 283 286 280 275 256 247 248 247 233 225 220 216 208 196 201 231 249 258 256 250 239 209 207 207 222 234 229 223 225 242 258 272 277 284 278 261 245 236 242 255 256 245 217 228 243 254 281 286 284 274 243 230 212 202 214 235 223 206 205 234 242 240 241
235 214 218 239 246 251 268 283 292 287 259 253 249 251 253 231 216 203 198 216 237 249 261 281 282 277 274 261 264 264 261 249 245 241 234 220 196 201 219 233 229 223 221 219 207 207 207 207 219 218 226 234 256 272 282 283 281 275 271 261 246 227 245 249 238 217 234 248 259 288 287 280 275 260 246 226 203 202 215 207 202 213 222 227 233 240
229 209 226 237 243 241 266 275 281 275 273 275 274 271 261 248 235 218 201 209 229 238 253 261 266 266 277 289 279 268 260 250 253 260 234 198 196 196 200 207 207 207 207 207 207 207 207 213 214 219 227 238 259 267 277 273 268 275 280 274 256 223 234 239 232 217 232 244 257 288 285 274 281 268 252 234 220 202 202 202 217 228 242 246 248 257
220 207 217 222 224 230 263 266 266 262 286 286 282 275 254 248 244 231 207 201 220 236 251 247 242 260 274 288 283 272 251 237 253 260 247 200 196 196 206 212 218 219 215 207 207 207 217 235 231 218 221 228 250 256 260 256 256 271 280 277 261 218 222 231 225 217 231 243 263 283 273 268 275 267 255 244 234 202 202 215 236 247 260 266 274 272
211 199 208 215 226 247 259 260 250 256 277 274 269 259 236 233 235 227 212 204 224 244 249 232 234 248 260 273 279 272 251 237 249 254 247 197 196 207 234 248 247 246 237 222 207 213 228 243 247 245 224 221 235 240 243 243 257 270 282 282 264 224 211 211 216 223 239 255 267 275 262 261 274 280 276 264 247 207 202 218 240 254 265 271 281 282
201 185 211 223 243 267 261 245 241 257 273 261 250 240 221 214 213 213 194 209 233 246 246 221 224 232 237 273 279 276 258 227 228 238 234 198 196 219 244 260 248 240 234 222 215 216 228 238 256 255 252 249 237 242 248 254 255 266 277 276 269 231 220 211 211 231 251 267 272 261 251 257 275 281 277 268 258 213 202 213 233 243 257 264 277 281
187 180 207 222 249 273 255 239 235 255 275 264 247 237 216 218 211 205 195 207 231 243 238 207 222 232 237 267 283 283 270 227 213 210 215 196 196 210 238 252 240 228 227 222 222 233 240 248 258 265 272 274 266 268 265 262 255 252 266 276 262 246 234 219 211 232 251 269 273 248 248 260 276 265 259 262 255 217 202 203 222 234 246 260 269 274
180 180 192 212 237 256 248 233 232 251 277 269 256 242 244 244 233 214 191 196 211 220 217 207 222 232 241 258 270 274 269 230 210 196 196 196 200 208 225 248 242 225 222 218 221 236 247 256 264 267 275 279 281 283 276 265 240 245 257 265 267 253 242 225 211 231 247 259 263 243 245 261 276 260 253 245 244 219 200 203 221 248 256 256 259 257
180 180 180 192 217 239 244 229 228 242 271 271 262 259 261 259 240 225 192 191 211 220 203 208 227 245 260 256 252 260 259 221 197 196 203 220 212 213 217 247 240 224 217 215 218 230 242 252 257 259 260 266 287 288 277 271 239 235 247 254 270 260 240 225 209 235 253 257 254 236 246 262 279 269 253 243 232 211 200 203 226 252 250 247 242 232
