Summer_School_UNIBAS_SpatialEcology_Matera_2016/GFI/1/INPUT_calibration/demcon_rit.txt
ncols        568
nrows        686
xllcorner    376209.518809247350
yllcorner    4202368.533232135700
dx           90.037702082453
dy           90.005760368660
NODATA_value -9999
[rows 608 to 645 of 686, columns 344 to 429 of 568]
345 347 300 279 277 302 327 311 298 302 357 378 382 363 354 358 363 358 342 314 313 308 307 325 339 359 378 394 416 416 412 409 410 406 383 363 329 308 285 272 281 323 335 346 361 385 394 400 397 398 390 373 340 310 326 352 375 390 403 408 409 408 385 393 405 406 400 372 375 397 416 421 408 385 362 363 390 404 399 392 380 364 347 341 326 317
360 345 297 283 294 318 350 332 311 312 349 357 361 359 361 373 369 348 317 282 271 284 301 344 366 380 395 413 422 414 394 388 404 400 392 374 327 300 281 276 275 302 320 341 360 388 398 406 412 420 412 389 355 325 312 337 358 377 411 421 433 432 413 397 404 414 416 400 400 416 433 427 409 390 372 357 378 400 408 414 396 379 371 367 326 317
372 327 302 287 295 321 351 342 328 322 345 335 330 336 359 372 365 333 300 252 267 286 317 360 367 376 391 406 420 410 385 368 377 381 382 373 312 296 296 301 285 293 314 332 353 382 392 395 399 416 416 400 377 345 313 333 357 382 414 430 437 429 412 417 421 422 431 421 426 428 442 426 413 400 376 352 371 390 412 424 413 399 371 367 336 321
372 334 313 299 296 320 352 353 347 339 345 320 310 311 347 368 354 318 283 253 271 302 337 364 359 353 360 392 404 403 381 350 346 357 371 367 310 316 330 332 296 290 303 316 328 352 358 363 373 414 420 417 399 367 319 330 353 379 407 414 419 406 404 414 415 424 434 437 436 432 428 417 402 385 372 367 378 390 405 424 413 399 389 372 338 323
377 342 319 312 320 329 356 363 355 349 352 322 296 293 336 359 344 306 270 250 279 317 352 360 336 321 324 361 377 383 365 339 329 348 368 364 322 336 358 362 323 304 299 305 314 328 332 342 363 403 419 425 412 353 327 329 336 354 375 380 378 374 386 395 410 422 428 427 417 413 413 391 381 377 370 389 378 390 405 427 427 411 395 374 337 340
369 346 332 335 348 349 344 345 339 339 359 328 289 279 320 340 334 294 261 248 283 321 347 335 311 289 289 333 343 344 331 315 318 349 374 370 336 349 377 386 347 331 329 336 340 336 335 337 343 382 400 411 406 379 353 332 330 330 351 358 365 374 391 404 409 409 397 390 397 410 417 405 394 392 370 389 405 418 430 448 436 420 392 368 361 350
359 361 360 353 351 346 316 302 303 331 359 325 285 265 299 320 319 286 246 250 278 311 325 299 275 265 265 295 298 302 293 290 319 351 379 382 349 357 381 395 374 370 373 375 373 358 351 341 338 367 378 397 410 405 381 363 353 355 365 374 384 398 393 392 395 381 359 362 380 409 428 405 394 392 396 403 418 435 445 457 445 417 395 393 379 361
347 368 377 359 340 321 275 270 290 320 350 326 287 253 272 295 297 274 239 238 265 280 286 258 244 236 239 257 268 270 273 277 313 343 375 381 367 363 382 402 400 403 397 385 370 343 337 333 344 385 387 395 413 418 403 390 386 385 393 407 411 415 390 369 355 343 328 346 380 409 428 417 414 415 413 395 400 412 423 453 446 429 418 424 385 372
332 361 362 350 319 266 258 264 295 320 350 327 286 256 247 266 266 251 213 223 237 245 244 231 233 247 262 278 283 288 295 297 318 337 357 379 382 379 380 399 417 419 407 381 352 312 309 328 359 405 410 409 411 420 411 406 405 404 413 411 407 400 361 338 322 310 328 346 374 396 403 407 415 413 401 367 367 389 418 457 458 448 442 427 393 383
351 349 343 321 291 250 255 284 310 328 354 333 295 268 227 235 236 227 212 216 218 223 225 239 258 286 302 314 322 331 335 328 331 342 354 370 387 392 391 394 430 425 404 367 306 293 293 324 357 400 404 398 392 391 390 391 392 402 408 397 376 361 330 338 322 310 318 343 363 376 372 372 383 378 364 342 365 394 420 457 460 462 457 438 397 411
353 331 308 286 257 244 272 311 340 354 361 337 308 285 231 215 215 212 226 238 243 244 241 251 277 308 336 363 368 374 375 364 369 373 377 378 392 398 406 409 426 422 399 363 293 274 286 312 349 374 364 353 345 347 357 364 379 400 394 362 338 361 330 310 295 287 324 334 342 342 327 331 343 342 334 334 357 384 408 436 452 465 461 445 437 436
334 295 273 249 237 254 291 327 354 370 363 338 311 287 228 212 212 217 252 264 280 287 279 262 282 308 338 376 385 399 402 398 401 404 408 407 403 406 414 420 425 420 394 362 285 260 269 295 328 337 319 306 304 330 346 366 391 389 394 362 338 328 308 289 275 279 312 321 312 302 293 299 308 315 315 335 351 368 384 411 429 447 448 462 451 442
296 260 239 224 224 275 312 336 347 355 343 320 293 266 212 215 234 255 280 294 311 324 321 294 291 308 328 365 384 399 405 406 398 398 396 399 411 417 423 431 425 408 382 352 281 249 252 277 298 297 282 277 296 342 367 378 391 389 362 335 310 296 283 265 262 270 288 284 277 270 285 296 310 318 326 342 357 368 375 386 394 407 433 460 446 420
251 227 215 211 235 299 328 340 337 311 300 282 257 236 208 234 265 294 327 336 341 354 356 339 335 334 341 360 369 385 406 405 384 362 358 365 394 406 417 428 420 391 361 333 271 243 235 252 271 262 266 285 313 342 367 378 382 367 337 313 291 277 252 252 258 264 265 268 269 283 315 322 332 346 359 381 377 367 361 351 364 393 425 451 423 395
211 202 195 216 251 318 347 348 332 283 262 243 232 212 226 255 290 322 368 379 387 396 394 382 377 375 375 379 381 389 402 395 366 341 321 330 359 379 400 415 407 378 344 311 252 233 223 235 242 261 266 285 313 350 359 368 364 336 318 301 281 257 263 279 292 291 289 288 295 304 347 362 375 390 397 403 391 367 344 332 352 382 413 430 399 374
190 191 196 219 255 318 347 350 341 274 250 227 209 201 246 276 301 324 370 388 405 424 411 391 380 378 375 376 383 393 402 389 353 320 302 314 339 369 388 401 390 369 336 297 234 223 233 248 246 261 283 310 326 346 337 328 323 302 288 275 254 247 287 315 330 336 325 316 310 319 365 386 401 397 399 400 387 355 322 317 344 366 397 401 378 353
190 190 195 210 242 303 329 345 342 292 264 234 204 201 252 279 290 308 357 384 411 433 405 379 357 340 340 349 364 382 395 379 343 307 277 297 329 363 376 383 370 355 326 287 223 223 233 248 271 286 293 308 321 314 300 291 286 268 253 247 247 273 293 324 343 359 364 352 341 337 370 393 399 387 374 382 376 345 309 299 326 352 378 385 356 328
197 190 191 198 221 280 309 336 341 319 287 252 214 200 233 253 264 290 353 382 413 431 402 368 338 315 296 312 331 353 371 366 328 288 264 285 320 342 348 345 342 341 321 287 223 230 248 271 282 289 291 289 286 279 266 257 253 239 240 248 272 294 308 330 355 372 401 395 379 367 382 384 380 356 346 364 367 346 311 282 313 338 364 362 332 304
196 190 190 193 208 259 284 313 340 342 305 264 228 202 216 231 257 288 358 393 412 429 397 373 341 308 286 277 300 322 345 343 309 274 252 271 300 312 310 301 342 341 321 282 225 222 246 258 258 256 257 248 246 242 236 234 231 247 267 290 313 336 347 359 370 380 407 405 409 400 389 379 359 328 325 356 365 349 308 268 291 323 345 337 305 276
202 191 190 192 199 244 269 298 324 335 307 270 238 192 210 230 262 298 364 384 400 407 395 381 356 320 285 251 268 291 316 316 287 262 240 259 278 283 310 301 311 321 307 281 223 214 222 228 222 223 223 223 223 223 228 231 250 283 298 323 346 367 367 371 369 370 380 404 416 403 375 352 332 301 310 344 367 353 310 258 275 306 332 313 285 252
207 192 191 190 196 234 260 286 300 298 283 263 237 192 206 239 272 306 354 361 363 368 385 378 363 334 262 239 244 263 284 300 278 252 228 259 278 283 274 266 272 287 283 272 224 211 209 209 213 218 223 228 233 246 246 255 274 315 338 348 371 372 360 352 341 331 360 390 395 377 331 323 299 277 302 338 362 346 308 252 254 287 310 293 268 241
222 191 190 190 193 228 245 259 259 243 238 233 223 191 214 239 267 295 325 323 325 330 348 354 349 340 272 241 227 238 257 276 260 252 228 240 255 252 240 221 232 241 256 252 211 209 226 236 247 246 254 263 278 274 276 277 296 345 367 389 387 365 340 317 301 300 350 380 384 364 303 289 271 253 301 336 355 342 308 244 239 255 272 270 254 240
234 198 193 191 190 207 218 215 209 201 202 203 205 191 203 231 251 271 290 288 286 292 310 317 332 334 280 250 220 215 257 276 260 236 221 215 221 211 197 192 192 206 221 220 207 224 251 266 289 285 288 298 321 322 308 310 321 372 399 414 401 346 319 297 276 307 332 359 368 351 296 269 251 243 299 330 345 329 299 247 227 230 234 234 226 226
251 220 195 191 190 191 190 190 190 190 190 190 190 195 202 216 231 244 258 257 251 258 274 287 310 319 278 248 220 215 234 248 230 216 202 190 190 190 190 199 196 192 201 195 213 230 252 276 315 320 323 337 363 362 351 346 351 375 399 414 405 336 311 281 263 292 311 334 346 342 287 257 237 239 296 315 315 305 259 230 217 212 215 215 215 215
273 244 216 194 190 190 190 190 190 190 190 190 190 193 198 206 218 229 237 228 230 240 247 263 286 319 278 248 223 201 204 207 197 190 190 194 195 198 206 218 210 196 192 199 232 241 255 285 336 351 363 362 376 374 358 349 346 357 378 399 397 337 307 275 252 268 289 308 320 323 274 251 228 242 274 281 275 265 227 211 210 215 219 223 220 224
282 273 246 225 196 192 192 193 194 196 197 196 190 190 196 202 208 217 209 203 208 213 230 263 286 298 265 235 206 194 190 190 190 190 193 215 225 234 242 249 229 200 192 207 259 273 286 299 355 373 366 362 349 343 335 323 312 326 354 372 373 332 309 276 244 255 279 297 300 286 252 236 220 223 237 240 235 227 210 210 218 241 261 264 259 260
284 282 279 264 232 222 215 209 206 214 218 213 200 190 192 199 203 198 193 190 208 213 230 242 263 274 243 210 190 190 190 193 195 202 216 249 264 272 275 271 238 207 192 246 275 307 324 325 344 354 344 324 305 302 297 285 276 314 337 347 342 308 295 271 240 241 262 274 266 251 222 213 205 205 211 210 211 210 210 210 222 248 275 305 305 301
269 285 291 291 271 264 253 244 243 243 249 240 217 190 190 193 198 190 193 190 194 202 212 226 236 246 210 191 190 194 216 219 216 213 224 260 277 292 306 281 243 206 192 243 280 304 316 317 313 312 302 288 270 266 258 251 283 306 323 322 305 273 263 249 230 221 229 232 227 214 205 205 208 209 206 206 210 210 223 224 224 241 268 320 338 345
243 266 287 295 313 308 298 293 289 283 278 265 239 194 190 193 198 190 190 190 190 193 209 214 218 208 190 190 202 225 256 258 254 250 236 252 273 297 321 283 240 205 192 236 267 279 276 268 271 273 268 255 235 233 230 232 281 292 296 284 271 241 228 214 209 202 208 204 203 203 213 223 231 233 237 230 226 233 265 264 250 238 248 318 345 362
231 243 264 287 317 320 333 339 339 324 310 293 261 194 190 190 190 191 193 196 190 190 201 196 190 190 190 210 234 260 295 297 293 288 273 253 264 293 324 279 238 204 192 222 240 241 235 221 228 233 232 218 209 208 215 225 268 269 260 243 237 204 196 196 196 200 200 200 200 227 246 262 274 280 283 265 253 254 300 307 286 261 263 295 328 359
247 235 246 265 304 328 349 370 372 366 348 293 261 199 191 190 190 193 195 202 205 190 190 190 190 200 215 230 255 286 329 339 336 325 311 274 273 290 319 289 241 210 194 201 210 203 194 194 197 204 200 196 196 196 200 203 226 227 221 207 196 196 196 199 210 220 225 217 218 246 271 298 316 330 313 291 270 268 321 331 316 287 261 279 303 329
275 254 242 253 299 332 358 371 372 366 348 317 279 206 194 190 190 193 201 224 225 203 200 206 223 236 235 247 273 304 360 374 378 364 347 301 290 296 322 291 255 231 207 194 194 194 197 200 194 194 194 198 206 200 196 196 197 201 196 196 198 211 221 237 247 268 268 255 236 241 269 295 324 340 339 315 289 282 334 352 342 317 276 273 292 311
290 264 253 259 319 345 358 371 368 361 349 327 292 216 196 191 191 193 210 245 261 247 246 251 263 274 270 270 289 323 381 397 400 385 356 331 313 312 327 304 277 252 238 208 210 212 220 214 197 194 206 234 254 243 228 211 196 196 202 220 230 251 264 281 298 317 307 283 256 230 248 270 292 319 339 333 317 306 349 366 363 346 295 294 305 330
284 265 261 259 319 345 357 357 332 323 323 315 298 229 204 191 192 190 205 247 275 291 290 294 302 307 303 301 314 345 381 384 382 375 358 354 346 336 342 323 302 294 278 241 240 249 255 231 200 194 211 243 284 284 270 257 224 221 233 249 286 300 315 327 344 351 333 296 270 246 244 260 277 291 337 340 344 343 369 387 389 369 315 312 329 359
276 265 261 280 342 363 362 348 297 284 290 295 292 245 217 197 193 190 194 227 272 312 317 327 340 344 333 330 345 363 372 355 344 329 358 368 371 371 368 353 345 334 313 273 275 282 281 237 213 194 199 227 285 297 304 290 259 257 259 277 327 333 339 345 352 368 354 320 292 283 277 275 282 302 327 353 366 373 394 410 413 391 336 334 355 378
276 268 281 303 358 372 367 344 284 261 258 272 286 258 230 208 197 191 191 204 244 302 314 339 365 382 377 374 372 368 348 320 300 310 356 378 391 405 410 403 397 381 355 326 330 327 309 253 227 199 195 207 276 302 321 321 308 300 299 304 330 330 326 321 330 365 358 345 331 334 331 327 323 318 331 359 376 395 426 429 427 399 364 366 368 376
287 298 317 330 372 381 371 346 297 269 248 247 275 258 230 218 205 191 191 193 222 277 306 341 373 399 411 398 385 368 314 289 293 318 372 395 415 430 434 406 399 382 367 346 343 338 320 264 237 215 196 196 262 298 332 340 329 321 312 310 312 298 283 278 293 350 363 365 371 373 369 367 370 365 367 376 394 417 434 429 413 392 371 367 363 360
313 334 352 369 381 381 367 344 312 283 246 228 253 244 222 213 208 191 191 191 210 266 293 320 357 403 405 395 370 341 285 276 302 337 402 421 428 428 429 387 359 346 349 335 315 314 303 260 234 203 196 199 261 293 313 321 308 297 288 283 273 259 248 244 269 334 362 380 385 375 365 369 381 402 397 393 398 411 412 397 377 363 342 334 324 312
