Summer_School_UNIBAS_SpatialEcology_Matera_2016/GFI/1/INPUT_calibration/demcon_rit.txt
ncols        568
nrows        686
xllcorner    376209.518809247350
yllcorner    4202368.533232135700
dx           90.037702082453
dy           90.005760368660
NODATA_value -9999
[rows 152 to 189 of 686, columns 172 to 257 of 568]
235 235 242 252 262 272 286 284 286 285 266 250 235 224 230 253 257 254 256 259 261 259 258 225 205 202 216 243 252 254 250 240 233 211 208 219 264 260 244 228 196 196 206 219 244 242 235 218 208 196 194 194 194 198 211 220 223 205 200 210 220 208 205 205 213 227 238 248 259 268 285 286 280 264 252 258 268 279 290 280 273 267 280 279 274 272
239 244 252 248 253 269 280 282 286 286 260 249 243 236 234 257 266 271 256 259 249 255 254 222 202 211 229 257 257 253 249 240 221 211 211 230 256 254 235 213 207 223 220 220 242 251 245 242 230 216 201 194 194 219 238 251 252 233 225 232 246 241 224 208 205 221 239 247 257 260 279 290 283 280 277 269 268 276 291 280 266 261 276 277 277 276
241 246 249 245 259 265 271 267 276 281 273 272 258 246 245 269 266 271 263 256 245 242 245 212 206 221 241 271 271 267 253 247 222 211 219 242 257 249 228 205 232 252 253 241 235 240 247 251 257 239 221 203 196 224 244 262 265 253 243 251 265 263 244 229 212 219 228 240 241 251 275 275 277 278 275 281 286 286 292 281 273 259 267 271 271 268
237 238 241 247 254 263 258 257 271 278 285 285 272 253 245 269 272 275 265 249 243 233 226 210 211 229 247 263 269 273 263 234 220 211 224 246 263 245 228 209 238 260 265 264 245 238 238 256 272 254 229 217 209 214 235 249 258 258 256 260 270 268 255 241 229 207 215 227 242 260 273 268 257 258 276 285 286 283 279 278 270 264 260 272 272 261
227 225 234 242 251 248 256 271 266 271 275 285 272 253 277 282 275 263 254 246 233 226 215 210 215 229 246 252 259 266 256 239 230 220 220 240 259 252 235 218 238 258 269 271 266 258 250 252 274 261 244 238 227 205 217 226 234 249 255 263 272 259 256 251 240 210 215 233 246 265 266 253 247 252 284 286 284 270 265 265 264 259 257 272 273 259
211 223 240 241 245 252 269 265 270 271 275 283 280 270 279 287 273 255 244 239 230 216 210 221 217 218 230 243 251 255 257 257 242 223 222 228 257 259 244 227 232 248 256 259 276 274 258 259 281 278 267 258 224 214 206 215 220 239 250 266 270 250 243 246 238 210 213 225 236 245 243 242 247 263 287 289 279 274 259 254 251 256 254 267 271 261
233 248 257 254 254 264 271 265 270 256 274 289 288 278 269 267 258 246 235 226 219 215 229 244 230 220 218 234 242 249 263 265 246 233 222 239 257 261 253 235 226 230 242 247 279 278 267 261 288 286 275 263 231 210 213 224 236 249 260 267 274 252 235 228 226 213 222 219 223 233 240 251 267 277 284 280 271 269 271 265 258 250 249 258 265 258
245 255 268 270 269 264 271 264 253 251 265 278 286 282 250 246 238 235 219 219 220 232 245 248 234 221 223 233 237 248 259 257 253 243 237 231 249 258 262 244 231 232 231 246 280 285 283 278 278 273 263 249 221 210 221 241 253 272 264 264 267 250 251 233 218 229 244 240 223 234 254 267 282 289 281 266 258 267 268 263 265 259 242 246 252 258
249 261 274 270 269 272 271 256 247 246 258 264 272 274 247 234 234 234 233 224 219 239 259 258 236 225 232 243 240 245 253 264 273 270 255 231 242 263 267 251 249 253 244 242 282 293 290 283 268 254 239 229 211 212 229 246 268 277 269 253 247 251 251 236 218 245 261 254 232 247 260 274 281 279 273 264 256 258 256 262 269 268 242 246 252 248
237 261 274 279 279 270 265 257 241 238 252 259 258 257 236 237 248 258 246 232 220 234 253 263 242 229 240 261 260 252 257 277 280 277 265 232 243 262 268 251 262 267 258 250 279 285 281 271 247 231 226 226 231 224 224 240 257 265 258 263 256 231 235 223 218 259 266 255 239 264 272 272 275 267 273 269 253 246 247 260 269 268 253 242 239 239
237 253 266 278 281 269 258 253 241 230 248 250 243 236 238 249 261 275 254 236 223 229 266 265 248 235 239 268 271 272 276 284 277 266 257 232 247 265 271 259 269 273 265 265 275 273 260 249 234 237 249 258 252 237 224 229 241 249 263 271 265 232 219 219 240 268 269 250 239 273 281 273 267 264 275 273 262 245 247 260 273 273 258 250 249 246
223 242 257 272 275 249 247 244 236 228 238 242 247 251 252 258 269 276 253 240 225 230 264 267 251 240 243 271 278 273 273 278 272 257 248 249 251 263 273 271 269 271 270 276 275 257 244 238 253 266 263 263 250 240 239 247 261 259 260 261 256 221 226 246 266 272 263 249 245 269 274 267 259 264 279 282 262 238 243 256 266 267 268 267 268 262
205 231 244 259 269 248 237 234 221 221 231 243 250 256 264 275 281 275 252 237 225 229 261 265 256 247 255 267 270 263 257 274 274 268 268 262 255 262 274 283 271 265 269 277 269 261 258 251 271 282 275 262 249 253 265 273 274 262 252 245 223 221 244 265 279 269 257 251 260 265 264 259 253 258 279 282 268 242 238 244 254 267 273 270 270 271
220 215 227 240 251 241 229 219 221 233 236 236 244 251 274 287 291 283 251 236 225 225 252 261 265 265 267 264 254 246 241 278 286 288 286 268 252 256 270 283 270 253 252 266 264 264 258 259 284 291 283 273 271 277 276 278 272 255 240 226 227 245 257 278 285 265 263 268 273 269 257 259 253 258 272 273 265 255 238 236 245 264 266 260 262 276
231 221 215 220 224 220 215 215 224 243 260 260 263 271 272 281 286 283 248 235 241 242 248 266 273 280 268 256 240 230 236 276 285 287 283 257 241 249 263 270 266 253 238 241 243 249 258 267 293 292 285 276 278 287 278 269 253 241 226 226 257 267 274 290 293 272 274 269 270 269 257 251 243 247 260 257 253 253 238 228 240 258 248 244 254 268
234 230 218 215 215 215 215 215 223 251 256 260 269 278 276 272 274 275 247 242 255 261 249 261 277 286 264 243 225 222 241 271 269 265 259 247 232 242 252 260 262 254 233 229 239 253 268 281 291 287 280 266 268 275 267 253 235 226 226 232 262 272 279 294 285 282 280 269 270 257 248 240 235 230 238 242 240 238 225 216 221 230 227 229 247 257
241 237 225 227 231 223 218 218 217 233 240 244 253 260 259 260 269 275 261 252 262 267 258 254 264 274 256 234 214 226 252 272 256 243 247 245 227 235 245 250 256 250 229 228 244 257 275 281 277 278 273 275 250 252 251 240 226 226 238 237 254 265 277 283 282 282 280 274 261 247 244 244 253 239 228 229 228 219 217 217 213 209 207 213 221 230
255 245 236 238 249 248 246 238 228 224 227 233 235 240 246 249 260 266 264 267 272 277 261 250 251 262 253 230 214 227 270 265 247 231 237 241 224 224 234 244 254 247 226 226 242 258 277 273 262 257 265 266 249 237 231 228 241 252 256 258 250 263 273 283 282 285 289 282 274 266 265 265 272 256 237 225 224 235 237 243 240 223 217 207 209 207
265 249 242 243 256 268 269 258 247 246 248 246 242 235 236 242 246 249 267 269 277 286 273 251 236 246 251 238 215 214 257 257 243 228 226 239 218 216 215 245 250 240 221 223 243 259 276 275 266 254 249 247 244 232 233 242 263 273 278 280 268 263 273 276 272 277 280 279 277 267 263 266 265 252 234 224 234 261 267 271 271 262 239 223 207 222
273 254 250 257 257 268 271 269 267 272 273 272 257 250 259 254 252 252 258 264 265 271 262 248 232 228 252 250 222 207 246 250 247 225 220 229 217 200 215 242 245 234 211 231 248 254 265 269 263 265 253 249 232 237 247 254 281 289 278 280 268 256 264 262 259 261 262 258 250 247 245 248 247 230 227 232 250 278 279 272 271 268 248 223 212 253
279 263 264 259 259 259 273 282 283 273 274 271 273 278 283 282 275 269 266 269 263 256 239 239 226 217 257 257 238 209 233 246 250 228 212 213 205 200 219 232 229 215 205 232 248 247 248 254 262 265 261 241 232 248 260 270 281 289 285 282 270 260 253 251 249 249 245 238 231 230 229 229 229 227 237 254 269 283 281 270 256 244 229 221 233 271
270 268 265 260 250 256 271 279 279 258 259 271 281 288 293 291 287 270 266 263 261 258 232 220 214 213 247 252 244 217 218 242 250 235 202 202 200 199 205 207 204 200 202 214 222 226 230 255 264 264 258 233 239 255 260 270 285 288 281 269 258 252 252 254 250 250 250 252 255 248 239 228 227 253 270 280 285 294 286 269 254 225 225 240 259 274
254 252 249 242 238 259 265 264 260 249 253 260 268 282 284 286 294 272 257 253 256 256 249 231 218 207 233 246 248 226 207 235 245 233 197 192 191 196 197 200 200 201 209 211 211 212 228 261 273 266 258 233 239 255 274 288 285 277 269 265 255 260 270 271 267 273 275 269 270 266 252 232 252 277 286 290 288 282 275 260 244 231 242 264 277 273
238 237 232 230 238 254 256 249 240 240 245 249 262 276 270 282 285 266 253 242 244 255 262 258 239 218 219 240 245 230 200 215 229 221 191 191 201 195 197 217 228 223 226 236 226 219 224 260 273 275 258 233 247 262 278 301 293 283 281 280 263 273 285 290 278 278 279 270 260 256 243 233 261 284 287 280 270 259 251 239 234 249 266 278 282 261
230 220 224 236 249 244 240 226 230 246 250 259 264 265 271 279 278 259 251 237 231 240 268 269 254 231 206 232 241 236 195 197 200 196 192 214 230 225 209 228 238 243 247 258 249 242 229 252 273 275 264 236 248 263 275 295 301 307 304 293 273 277 283 285 276 271 264 254 246 240 236 240 268 285 285 271 257 239 235 235 245 269 274 277 276 239
214 211 226 242 248 232 218 226 241 263 268 270 269 263 269 272 264 250 248 238 225 242 263 270 258 234 200 210 230 232 196 191 191 191 205 228 248 248 221 218 232 246 251 269 274 242 229 252 263 267 259 239 248 262 272 298 310 312 306 296 285 278 278 273 261 256 247 246 247 251 257 264 276 289 287 266 250 239 246 263 271 273 272 263 251 243
199 207 225 234 224 215 217 234 247 273 282 278 271 261 267 262 253 242 247 239 217 233 257 266 258 245 197 196 200 208 191 191 192 193 206 230 255 264 250 233 226 236 244 269 274 262 250 247 253 252 243 243 254 267 280 291 301 300 296 294 294 285 277 271 263 262 260 262 274 276 281 286 282 290 286 263 242 253 273 279 279 261 256 246 244 270
194 199 212 215 215 222 239 249 258 269 276 273 258 262 268 263 249 232 239 230 215 223 241 253 252 251 222 197 191 191 191 210 223 221 214 229 248 266 264 261 251 236 258 274 279 274 266 254 249 249 252 245 253 265 276 285 288 287 283 295 296 296 292 286 284 281 277 284 295 292 291 290 279 278 271 252 253 270 281 285 276 258 258 263 265 286
202 202 204 208 237 246 254 262 268 263 261 252 247 268 275 268 257 230 219 217 202 205 217 232 247 251 232 217 197 191 215 235 248 247 235 231 244 254 268 261 251 242 250 266 280 281 285 277 270 267 270 260 250 250 257 270 274 270 265 297 307 304 293 288 283 281 279 286 290 287 282 276 266 263 258 247 263 283 284 280 271 279 279 280 287 297
224 217 209 217 255 264 264 260 256 249 242 244 256 263 267 263 259 238 220 205 196 191 206 219 241 249 231 213 192 191 220 238 249 259 264 256 252 254 268 266 255 252 262 259 267 278 291 283 278 278 288 283 271 261 253 257 262 257 271 304 310 305 292 276 265 266 269 277 277 273 268 265 264 260 253 252 273 287 287 275 290 295 294 292 292 293
241 232 215 220 249 255 255 251 241 238 242 255 266 262 252 250 251 246 233 221 214 194 191 211 232 238 217 199 191 191 213 229 243 258 271 256 252 262 263 258 244 251 265 263 253 268 279 276 275 280 297 302 288 280 275 254 254 266 274 303 310 303 289 270 260 254 258 270 281 277 278 283 282 281 265 258 277 290 285 280 300 304 296 278 275 278
251 243 229 217 229 235 238 236 235 245 258 266 268 251 235 233 238 244 243 229 227 201 188 195 207 212 199 191 191 209 222 227 238 258 271 269 274 265 258 241 238 247 263 254 250 258 260 258 263 276 292 297 289 281 277 274 269 267 275 294 302 299 291 271 264 251 248 259 282 292 300 306 305 297 276 259 280 290 290 297 302 303 297 280 259 267
262 255 241 232 226 226 226 226 244 257 264 270 260 246 231 215 220 240 240 226 220 207 187 184 190 192 191 191 212 249 254 227 238 251 264 274 281 272 239 227 227 244 259 249 244 243 247 255 268 273 279 288 279 270 272 287 288 279 278 289 295 300 295 264 256 244 240 250 286 294 304 309 303 293 271 260 282 295 302 300 294 292 287 273 259 250
269 262 258 252 231 235 237 233 244 255 259 263 264 252 241 225 209 214 216 206 203 199 181 182 192 191 191 202 212 249 254 255 253 248 254 266 274 265 226 214 226 242 259 246 237 232 249 263 268 272 271 279 269 258 261 289 289 281 279 292 298 301 292 271 256 244 229 240 269 281 296 300 287 278 269 265 287 303 307 303 276 274 272 264 243 237
263 263 263 262 244 247 249 252 240 245 254 260 262 251 246 236 230 203 197 190 183 184 177 191 202 201 191 202 223 262 264 259 259 250 245 259 263 251 214 219 235 245 263 253 232 223 252 258 262 261 277 276 259 245 256 275 270 271 277 291 292 288 283 271 268 250 230 241 255 268 283 289 281 276 273 279 296 305 311 305 286 276 272 265 257 244
250 252 259 263 260 250 257 259 262 257 247 252 249 242 235 233 227 219 207 196 185 177 187 210 202 201 197 208 231 262 261 249 241 230 243 255 248 235 213 236 251 258 266 253 233 217 244 247 243 249 265 261 245 236 247 255 257 270 270 273 271 265 257 266 268 259 236 233 250 259 267 272 284 288 294 296 298 301 303 302 298 297 294 288 275 261
240 240 249 252 258 256 262 268 277 263 244 232 225 216 210 210 226 231 226 207 189 177 187 210 224 218 210 216 236 265 257 237 226 225 242 248 239 213 228 238 247 256 264 251 229 216 228 230 239 257 254 242 230 229 235 251 267 281 275 257 248 238 232 245 258 254 242 224 240 247 249 255 278 288 296 296 285 281 282 287 298 299 295 289 269 252
245 251 254 255 253 266 276 276 266 251 227 203 186 184 181 190 220 228 229 222 189 177 195 227 247 237 225 226 242 267 257 239 219 223 236 238 223 205 235 241 239 243 262 251 227 212 220 233 252 249 235 225 229 247 253 267 280 288 281 246 243 242 236 224 230 236 230 217 228 232 233 252 266 282 294 294 274 265 265 266 275 272 267 260 240 230
