Summer_School_UNIBAS_SpatialEcology_Matera_2016/GFI/1/INPUT_calibration/demvoid_rit.txt
ncols        568
nrows        686
xllcorner    376209.518809247350
yllcorner    4202368.533232135700
dx           90.037702082453
dy           90.005760368660
NODATA_value -9999
[rows 152 to 189 of 686, columns 172 to 257 of 568]
241 235 245 253 263 274 298 297 303 304 273 257 235 224 232 261 268 255 256 268 249 261 270 230 205 220 245 270 271 257 249 246 227 227 208 229 276 266 252 236 194 197 206 224 263 265 251 223 221 203 195 195 190 210 229 236 238 213 203 221 233 217 202 206 222 232 238 248 260 276 301 305 292 265 262 258 271 286 300 282 278 267 290 286 278 282
241 256 264 261 258 271 290 284 292 299 260 254 251 247 235 261 282 285 276 267 252 245 255 223 212 223 242 283 283 276 273 246 227 214 213 233 266 266 245 219 223 242 238 225 250 265 266 248 242 228 208 194 195 238 252 265 263 243 231 239 264 255 239 218 205 232 250 263 272 271 282 308 303 294 290 277 270 276 299 280 266 261 284 285 287 284
242 255 255 248 264 279 280 267 280 291 284 286 281 252 249 283 293 286 275 252 246 236 232 210 222 244 261 273 280 276 273 244 233 212 232 257 268 252 230 209 249 269 269 252 237 247 257 271 271 256 235 206 196 234 258 276 281 261 243 254 275 274 256 237 216 231 245 250 252 251 287 288 282 292 287 297 300 298 308 297 282 262 269 278 276 268
240 242 241 255 270 273 260 260 273 281 297 301 278 253 261 303 282 263 260 251 238 233 218 208 222 242 257 273 280 285 268 238 220 213 237 260 272 254 235 212 251 265 279 279 261 240 238 257 287 263 235 222 214 224 249 258 266 277 267 268 282 281 260 247 239 213 218 230 246 287 290 272 257 266 276 296 291 290 288 281 283 273 261 279 278 261
231 231 238 254 259 253 264 277 283 286 276 297 291 271 297 302 288 262 245 252 238 217 210 239 223 242 257 252 266 277 264 250 242 223 223 246 268 253 241 227 247 268 282 283 289 275 255 256 285 264 248 253 243 209 228 232 241 259 259 271 285 269 272 264 255 210 227 254 267 280 279 263 247 252 293 299 284 273 271 271 266 270 261 283 285 265
211 233 246 241 245 257 287 284 280 266 279 303 304 297 280 279 270 256 241 238 221 223 235 239 223 224 239 248 258 260 263 277 257 238 224 237 272 269 252 233 243 263 271 262 289 283 259 262 298 288 277 273 237 216 209 216 220 240 250 269 279 250 250 257 252 210 216 237 242 256 250 242 249 268 307 303 295 285 263 257 254 261 256 274 282 268
247 265 268 260 256 267 279 267 258 253 285 290 297 295 254 250 245 238 232 220 226 223 235 261 248 220 219 238 243 251 270 273 246 234 219 247 268 276 256 240 226 235 244 248 289 286 267 261 299 301 292 277 245 218 218 235 246 256 264 276 286 257 238 231 232 221 232 226 224 237 243 263 273 286 301 283 271 282 281 270 264 254 249 267 279 265
266 269 280 275 270 284 282 257 247 251 258 266 286 292 251 232 235 245 241 220 226 250 257 257 240 221 225 233 237 256 275 268 258 253 249 234 255 272 276 255 240 239 231 249 293 302 288 283 291 284 270 258 234 213 232 246 261 286 282 278 275 273 263 246 226 245 263 259 233 239 263 281 296 302 298 266 258 273 278 271 277 263 245 252 263 259
254 266 284 295 295 283 281 267 245 245 255 271 270 265 248 242 260 245 241 230 224 245 273 273 243 225 243 253 242 247 253 277 289 285 268 234 246 270 279 256 262 267 252 245 288 304 303 300 277 262 246 235 211 215 242 261 279 291 277 256 250 260 272 255 223 253 273 265 237 257 264 277 298 280 288 272 259 266 256 264 280 277 263 248 242 243
240 264 272 283 289 274 263 265 249 233 255 256 253 239 248 242 260 274 259 241 223 248 265 276 246 229 249 280 271 256 258 292 296 294 289 237 248 269 281 251 269 281 263 250 291 301 290 279 255 238 229 237 245 237 232 248 265 275 277 275 267 236 244 229 220 273 284 266 239 277 279 284 284 267 283 270 254 251 251 271 283 278 259 251 255 253
225 245 262 281 288 273 250 255 246 230 241 246 253 239 238 250 269 287 256 239 226 231 272 279 259 238 247 277 282 278 288 298 282 269 264 235 247 272 279 259 274 284 267 268 294 283 267 254 237 246 264 275 271 251 226 232 244 252 264 284 284 233 221 226 249 285 286 262 242 286 296 281 270 271 285 280 269 235 246 269 273 278 275 276 279 274
206 239 254 265 280 257 238 239 229 222 241 246 258 260 266 262 274 292 265 254 230 234 276 277 259 240 243 275 286 286 286 291 278 257 248 250 261 276 285 276 285 282 279 288 277 261 247 240 268 280 283 274 258 242 243 260 274 274 278 280 250 228 235 264 284 289 273 249 248 277 283 272 261 272 293 297 283 246 241 248 255 271 283 275 277 288
235 219 234 254 262 253 236 223 229 222 238 249 256 259 283 288 296 285 255 245 229 232 267 279 256 247 261 284 284 273 257 282 283 273 281 280 268 267 285 295 280 265 274 291 272 266 269 251 277 296 284 262 254 262 275 284 289 271 261 252 223 223 250 274 290 269 259 256 262 271 268 263 260 264 282 284 274 268 245 238 252 271 273 261 267 281
243 228 216 229 232 233 236 223 229 245 244 239 249 255 277 289 300 290 255 237 227 227 261 278 279 266 274 271 261 252 247 290 298 296 302 282 256 258 277 296 278 258 255 280 276 277 274 269 291 306 297 285 277 287 299 295 287 265 243 226 240 248 266 287 299 265 270 283 290 286 264 254 247 258 274 272 253 270 251 229 251 270 253 244 261 278
234 237 220 208 232 233 218 214 232 253 279 277 278 283 287 293 295 292 261 243 253 254 249 271 287 287 282 267 242 230 241 287 298 299 295 260 244 255 278 275 278 261 238 252 252 249 258 273 306 306 291 284 292 303 290 269 268 253 231 231 274 278 284 298 306 272 280 283 277 267 253 240 237 234 247 253 243 252 236 219 232 248 232 244 261 278
241 244 220 208 217 206 209 213 232 264 267 264 277 288 283 273 280 281 247 245 266 273 253 268 287 300 272 250 231 230 251 291 279 271 266 256 236 246 262 262 271 265 242 229 241 262 281 299 304 302 281 269 276 287 282 257 244 227 223 238 278 283 290 306 295 286 291 278 264 251 250 256 268 250 231 233 231 222 223 217 221 248 232 236 262 273
241 244 229 236 248 233 226 224 223 239 241 252 263 268 263 263 272 282 264 255 265 277 260 267 273 288 264 239 215 233 265 285 260 243 249 254 227 242 259 254 266 260 238 241 258 267 283 287 278 292 295 284 256 263 265 249 224 230 246 245 256 265 280 296 290 297 304 295 286 277 279 279 287 273 251 229 224 245 249 217 221 215 209 222 239 245
257 252 238 243 265 257 257 254 236 227 230 240 240 245 247 257 271 272 279 274 278 285 269 261 251 271 255 234 216 242 283 277 251 231 242 248 226 236 246 251 264 250 230 237 245 263 284 273 262 266 277 282 256 240 237 231 254 260 272 268 253 264 286 287 272 285 294 289 287 275 272 266 276 265 246 231 238 245 249 259 257 236 222 214 209 207
268 254 242 243 263 278 283 270 248 259 262 255 253 237 239 242 252 254 275 274 288 303 284 254 239 252 270 247 219 225 269 269 247 232 227 251 227 220 226 248 261 256 232 223 244 265 286 281 272 254 252 254 258 235 234 253 277 274 293 291 278 271 274 271 264 275 274 263 260 251 257 253 264 240 227 231 238 275 281 288 290 284 262 240 213 244
285 255 253 260 272 271 283 280 272 287 286 286 269 263 276 265 260 254 259 265 276 286 282 266 239 235 269 263 235 210 257 265 254 233 222 243 224 202 216 255 259 243 215 249 263 269 279 282 281 277 264 244 236 243 253 254 295 304 305 295 281 273 255 254 250 253 246 238 234 233 235 229 264 240 227 240 253 287 292 277 278 286 267 233 215 266
285 269 271 271 271 260 280 296 300 282 278 287 286 290 298 288 287 275 280 281 269 256 253 256 235 220 270 273 245 213 239 258 261 242 220 225 210 206 235 247 245 229 208 254 267 259 251 254 266 272 275 249 235 257 270 278 305 301 291 276 262 252 260 266 255 258 263 263 268 260 235 229 234 234 248 263 281 293 288 270 260 257 237 225 239 286
285 281 281 268 255 265 283 291 292 258 259 284 291 297 304 301 300 279 271 267 274 268 232 223 219 213 265 275 264 236 226 256 262 243 205 208 203 208 221 214 210 203 202 220 231 234 232 261 270 268 258 238 247 265 286 305 299 277 269 265 259 264 281 282 271 286 290 282 268 260 251 233 225 268 285 292 302 308 300 281 265 226 234 247 267 290
257 262 257 247 242 265 278 270 268 249 260 271 271 294 287 288 310 277 258 254 260 274 256 243 220 211 236 256 256 234 213 248 260 251 197 192 194 196 198 201 201 201 216 220 214 215 233 270 288 271 258 235 252 267 283 307 294 288 290 292 266 279 296 304 284 292 290 282 286 284 272 238 266 294 306 306 304 292 290 274 257 231 250 276 293 288
243 245 239 230 242 270 270 254 245 243 251 252 262 281 270 291 299 276 261 242 248 263 284 276 252 231 228 256 258 239 205 233 247 239 191 198 209 202 200 243 249 236 233 251 239 219 228 271 290 290 277 243 260 273 286 310 314 318 319 306 276 289 297 295 284 292 288 277 273 269 254 233 271 299 297 284 280 273 264 243 237 257 275 294 304 269
230 228 224 243 257 258 249 234 233 248 252 265 281 265 278 296 287 266 263 242 231 244 280 289 271 246 210 244 259 250 203 201 212 208 205 234 256 248 216 243 258 258 254 271 259 253 240 260 278 278 267 239 251 264 272 303 321 326 316 307 295 290 297 295 285 280 272 263 246 243 242 243 279 296 289 271 260 247 238 240 255 289 293 297 290 246
217 219 239 257 260 239 221 228 256 277 276 280 284 266 279 281 271 250 261 245 227 249 268 281 261 241 200 225 246 253 202 188 189 189 212 238 260 267 225 221 239 256 264 290 290 274 254 248 259 253 247 250 269 282 294 304 311 306 297 307 295 290 278 275 261 259 250 247 256 257 272 279 280 298 300 284 259 239 260 275 291 291 279 274 261 250
199 216 238 250 237 221 217 238 249 279 294 292 279 264 275 264 258 242 262 254 227 243 270 282 268 249 200 196 217 222 195 195 201 199 215 242 271 287 259 246 230 236 245 280 290 280 274 272 256 254 263 250 256 276 289 287 299 306 297 308 299 285 281 276 272 273 262 273 287 283 291 297 295 306 300 272 243 261 284 298 298 265 256 249 247 282
197 205 219 223 217 232 248 262 268 277 291 285 268 262 278 266 249 234 253 255 220 235 256 265 272 273 231 207 195 189 202 227 244 236 214 236 259 278 282 278 262 254 253 273 289 297 303 290 270 268 282 264 257 253 265 287 299 294 284 301 304 305 300 295 295 291 283 292 306 305 307 302 280 291 286 260 261 278 298 298 281 264 271 272 267 298
213 202 207 212 250 258 263 271 280 275 267 262 250 276 289 282 260 230 224 232 213 217 226 236 251 264 251 239 210 186 233 251 260 257 244 236 244 254 278 277 267 263 270 278 273 281 298 296 290 291 301 294 283 253 265 278 286 278 268 301 315 318 303 296 290 292 287 298 298 295 290 283 266 268 263 252 271 293 299 284 275 287 287 287 294 311
239 233 217 223 275 279 274 269 264 256 246 250 260 277 274 277 276 246 227 205 196 191 209 227 253 258 238 226 206 188 236 252 262 275 278 268 256 266 275 261 244 253 276 265 256 275 294 284 277 288 310 294 283 267 261 264 264 260 278 310 322 309 292 276 268 273 269 284 277 273 269 264 265 261 256 252 284 301 295 275 302 309 310 305 309 300
251 241 218 225 261 263 265 260 246 241 242 264 281 270 253 254 259 257 240 227 227 198 196 219 248 256 227 204 186 187 218 230 245 264 283 287 287 284 269 248 238 258 275 259 257 269 273 262 263 288 310 318 303 293 289 264 254 269 287 318 324 308 293 276 260 255 258 280 283 279 292 292 297 296 282 264 288 298 290 283 309 314 298 285 286 282
261 252 235 220 237 241 245 245 241 254 265 282 281 256 245 233 244 257 255 241 239 212 195 205 222 228 213 188 200 227 234 232 241 255 264 280 294 280 250 232 232 251 265 249 248 254 250 262 263 283 305 308 294 286 283 282 274 270 277 299 310 311 300 289 279 257 248 266 290 299 311 318 318 313 288 259 286 296 291 303 310 314 308 282 262 271
275 260 245 235 226 228 227 229 256 267 276 282 260 248 231 218 226 255 258 235 220 221 194 184 194 196 185 200 228 264 267 268 270 268 256 271 286 274 230 211 226 244 270 252 248 254 250 255 273 286 284 298 285 270 275 304 302 284 281 289 295 307 298 264 262 253 241 254 298 306 317 321 312 308 284 260 290 305 311 315 299 302 306 293 273 257
281 277 270 262 239 239 248 237 254 263 267 263 273 264 247 233 212 227 228 214 204 214 190 183 199 185 193 210 232 270 275 265 265 259 248 268 278 265 217 229 244 250 270 252 239 235 257 273 285 278 271 292 278 259 264 305 303 290 284 298 311 314 303 275 260 244 232 251 277 286 304 310 288 283 271 265 291 309 314 304 276 275 277 264 243 240
266 269 274 272 251 250 260 260 245 248 255 261 271 261 260 254 240 206 200 195 186 194 179 195 214 209 198 211 241 278 272 253 247 247 250 266 261 243 218 247 244 250 277 265 239 226 263 269 269 265 287 287 262 245 269 285 280 273 280 300 303 294 295 292 283 260 235 246 255 275 295 302 281 277 279 284 305 315 319 306 286 279 273 268 265 252
252 253 263 275 266 253 259 268 269 266 260 261 260 245 245 243 249 228 214 201 190 180 200 229 240 228 210 221 252 275 260 241 229 232 251 264 252 218 218 247 268 272 284 266 243 220 256 256 249 249 279 274 256 237 259 257 260 282 279 288 285 275 268 277 286 270 246 238 264 273 275 280 298 305 308 310 313 311 317 317 311 310 307 303 297 282
243 243 252 262 268 270 267 268 291 281 260 242 240 232 221 217 243 244 235 215 194 183 208 244 263 247 228 230 246 276 259 241 219 228 243 252 252 218 243 259 257 259 271 256 237 217 238 231 239 266 267 249 234 227 239 254 274 294 289 261 254 242 235 258 273 276 258 231 256 260 251 261 284 296 303 303 292 287 291 293 310 309 308 303 278 268
248 255 260 261 256 276 285 285 292 273 242 214 197 192 191 194 235 248 252 242 210 177 210 242 258 265 252 239 260 282 271 262 248 216 243 252 232 206 257 256 239 246 268 257 232 212 220 240 265 277 244 229 242 261 270 269 288 299 291 249 248 245 239 231 240 250 247 220 230 235 233 254 266 282 300 300 274 264 266 269 287 281 281 270 247 238
