Summer_School_UNIBAS_SpatialEcology_Matera_2016/GFI/1/INPUT_calibration/demvoid_rit.txt
ncols        568
nrows        686
xllcorner    376209.518809247350
yllcorner    4202368.533232135700
dx           90.037702082453
dy           90.005760368660
NODATA_value -9999
[rows 190 to 227 of 686, columns 258 to 343 of 568]
248 255 276 271 266 255 246 211 211 222 243 231 207 225 256 283 290 268 245 194 182 184 187 203 220 216 219 239 272 286 290 272 260 278 273 255 239 260 288 302 292 248 242 261 279 271 283 298 303 315 309 310 295 264 283 310 309 286 279 291 293 285 312 306 295 279 261 295 311 305 311 281 253 255 300 288 287 279 259 230 259 283 297 303 298 301
279 272 270 275 278 278 267 225 201 202 205 197 191 213 233 260 269 273 264 198 184 179 178 188 190 216 219 226 258 272 276 258 241 249 245 231 249 268 284 284 253 238 236 247 245 251 265 282 296 315 295 284 271 267 293 315 312 285 271 268 268 283 305 284 276 274 260 288 288 298 313 291 260 254 292 276 258 263 258 237 261 270 275 282 294 312
276 262 248 247 251 253 233 215 220 219 215 221 204 195 193 229 245 262 261 210 192 185 181 188 190 186 187 198 228 242 257 254 222 218 212 209 234 242 247 251 226 232 237 238 237 266 280 295 308 310 285 262 249 276 300 303 307 308 292 269 256 280 306 283 255 255 258 268 272 293 302 281 253 245 283 278 248 242 240 229 243 248 253 292 307 310
305 291 265 253 238 224 210 229 251 255 252 256 244 220 191 201 233 256 265 238 192 185 181 182 184 184 182 179 201 224 245 252 203 202 221 225 205 210 218 223 234 254 262 254 249 260 272 282 296 313 302 279 251 273 284 276 278 315 306 286 254 261 302 298 275 255 245 257 277 305 303 284 258 238 274 277 255 228 228 249 260 267 281 318 322 315
312 311 287 266 251 226 234 262 283 287 286 299 281 260 243 186 207 231 265 238 213 193 190 192 189 200 193 182 190 217 237 232 193 218 232 216 224 241 243 237 241 263 281 289 292 298 304 311 314 322 324 299 270 252 257 257 284 296 298 298 274 265 282 302 305 282 238 250 273 290 301 285 273 244 257 263 247 224 255 273 280 279 288 314 302 305
298 306 280 264 242 221 262 284 302 313 306 299 281 268 261 209 207 231 241 228 212 215 235 224 220 206 202 183 189 207 218 210 193 204 207 196 246 270 284 273 231 242 262 275 303 308 317 323 312 321 324 307 279 240 251 273 297 280 277 299 292 248 265 293 312 308 256 238 248 258 293 272 264 247 240 247 232 218 252 258 257 267 283 311 288 290
275 278 257 243 238 249 284 302 309 305 287 272 261 242 261 209 189 197 203 200 213 243 259 243 241 229 211 184 185 190 189 186 183 185 189 202 249 270 292 292 245 246 247 252 275 291 311 314 294 297 304 308 296 242 259 290 306 265 268 298 307 253 251 270 294 313 281 257 239 240 279 264 260 255 221 217 218 231 239 248 263 285 299 302 286 283
261 250 245 253 268 283 290 291 286 274 282 272 261 242 242 209 188 184 188 185 196 223 247 245 241 234 228 186 185 184 192 213 211 195 196 216 257 280 297 295 278 287 278 261 263 280 304 308 282 269 283 296 285 239 251 278 285 250 252 273 296 266 240 265 294 314 301 280 252 231 261 251 249 257 212 223 250 270 263 263 278 301 288 276 275 288
283 276 278 284 293 296 272 256 259 274 282 258 231 219 213 185 205 221 220 188 182 189 212 209 207 204 210 185 181 186 197 229 251 228 211 226 264 283 307 313 309 308 303 298 273 270 288 305 279 258 263 281 277 232 251 269 261 245 267 283 303 272 243 254 274 306 291 272 265 240 243 245 238 243 219 250 279 297 300 303 308 317 296 270 277 299
296 305 307 295 282 269 252 256 259 250 267 268 244 209 190 212 238 255 262 214 195 184 186 187 186 184 186 182 180 184 189 255 260 240 217 211 249 276 296 305 307 290 281 293 297 282 284 304 299 274 253 249 250 236 239 244 232 276 299 313 306 272 246 240 256 297 295 270 256 251 224 231 224 218 233 257 276 294 309 309 310 306 289 267 277 301
276 289 316 307 286 269 252 233 227 222 233 247 243 217 195 228 256 273 276 245 218 196 181 184 184 187 185 179 182 181 189 244 255 247 228 215 238 256 269 280 303 283 252 267 295 308 310 311 310 296 269 257 246 229 221 228 245 291 307 300 296 258 255 240 236 267 279 277 261 249 229 214 207 210 243 261 285 292 291 303 300 284 290 266 271 292
257 268 316 307 286 266 238 229 233 229 205 210 214 200 211 239 255 250 249 240 216 208 190 184 190 213 215 198 196 186 191 219 225 227 225 217 233 245 261 280 308 289 260 244 275 306 313 303 286 301 303 292 269 231 218 235 258 273 286 277 276 287 285 265 244 229 239 251 259 237 235 221 203 221 266 274 276 270 273 300 296 273 276 263 259 276
257 268 297 306 301 289 276 275 268 261 227 194 190 193 237 259 263 244 228 233 218 198 188 187 206 241 248 244 235 224 213 202 204 212 217 229 245 262 280 293 296 301 278 250 262 297 302 280 276 303 307 311 273 250 225 222 234 269 271 251 247 292 306 288 263 241 225 225 230 235 223 210 199 215 240 243 244 247 266 291 304 289 261 256 248 252
255 248 264 282 298 308 311 300 282 271 226 196 199 220 259 273 265 246 209 213 214 202 187 193 222 240 245 263 267 258 246 228 232 239 246 267 278 288 297 282 276 296 290 256 252 279 280 258 282 297 291 302 276 251 235 221 220 257 244 241 255 307 309 296 289 265 250 233 220 218 209 197 201 212 239 247 255 256 264 288 315 316 298 286 248 252
286 248 240 250 273 292 315 292 265 245 202 198 219 245 276 269 249 236 204 198 195 185 186 196 207 216 225 262 282 292 278 262 269 266 259 290 300 305 298 266 271 298 295 265 236 253 246 243 294 289 273 285 298 279 257 234 213 227 231 253 280 311 301 277 266 279 273 253 234 203 195 210 232 245 267 281 292 294 276 294 313 316 298 286 269 263
310 280 252 234 246 272 298 282 267 238 194 216 249 273 289 262 253 245 236 225 191 186 182 204 219 219 221 253 276 292 293 281 286 266 243 264 286 298 293 258 274 297 296 270 222 225 232 254 305 297 265 265 303 300 272 246 218 221 244 270 286 294 304 283 257 261 278 276 257 208 199 220 248 286 307 315 312 313 306 294 313 308 313 314 310 294
315 301 274 241 228 251 279 253 249 226 213 245 274 301 306 292 290 283 250 219 186 185 193 235 241 242 240 251 268 277 267 261 270 247 228 271 292 301 283 235 257 287 297 272 221 231 255 281 316 305 272 253 290 297 269 238 209 229 260 282 268 274 294 296 274 239 254 268 253 205 200 222 244 293 307 296 312 313 306 307 311 292 283 301 306 290
301 295 287 258 226 258 268 244 223 208 232 259 281 300 312 320 323 313 248 216 186 183 209 216 215 218 221 234 243 237 232 258 253 226 229 279 289 286 265 228 257 279 285 263 219 239 274 298 300 303 282 254 271 280 261 229 206 228 259 275 260 258 276 290 281 236 233 248 244 200 205 233 260 304 307 296 292 309 304 294 298 285 262 283 281 263
275 275 284 263 233 242 253 239 214 193 221 242 262 272 322 330 327 315 250 213 185 179 185 184 184 185 189 196 206 206 214 249 237 210 225 267 257 245 233 228 247 271 270 246 223 250 280 293 279 290 292 265 252 266 257 227 205 226 254 274 256 242 265 270 256 226 211 226 226 196 201 230 260 304 302 276 283 311 286 268 267 265 252 258 253 242
242 259 272 262 238 216 216 212 196 201 236 241 258 274 314 320 313 300 260 228 201 188 183 182 187 188 188 188 186 183 194 209 211 200 224 252 237 215 206 244 262 260 249 224 225 257 287 285 252 266 282 281 235 244 249 228 199 222 249 262 245 219 238 241 230 209 199 200 198 196 201 230 259 302 286 269 287 313 296 278 269 270 262 256 252 252
230 233 244 233 216 208 214 206 204 204 261 275 289 304 302 296 284 268 276 252 221 191 203 204 213 212 212 200 189 189 185 187 192 200 218 211 209 194 214 257 248 234 222 205 233 260 291 294 239 249 272 285 236 229 239 232 199 220 237 237 207 197 204 202 195 190 189 200 198 199 211 223 244 282 265 263 289 321 317 310 309 313 297 290 292 283
256 215 214 211 219 247 253 252 240 224 252 282 303 306 269 259 255 247 263 242 214 189 231 237 237 238 247 230 223 221 211 181 184 187 187 182 184 188 211 245 231 213 206 206 237 262 290 297 239 237 263 283 254 226 227 229 192 206 218 211 188 186 191 198 197 190 189 190 194 221 239 251 257 265 254 255 276 291 295 306 321 317 312 313 306 298
255 212 214 238 255 282 294 289 267 234 242 270 299 303 268 249 236 224 229 219 196 201 256 267 271 280 273 257 260 263 245 199 183 179 182 184 184 182 196 222 218 216 212 203 222 256 278 282 231 231 257 276 250 228 218 225 191 191 191 188 204 220 191 198 197 200 204 209 215 254 267 261 251 248 258 269 270 296 319 325 310 290 285 288 283 271
231 216 236 264 284 310 322 315 294 237 237 260 289 303 299 275 250 222 206 203 207 234 282 296 297 295 300 298 297 292 270 220 212 212 204 192 183 182 187 203 211 229 225 195 216 240 252 255 214 227 251 260 236 215 211 216 188 186 188 198 204 220 223 231 226 232 237 243 251 259 252 240 233 271 284 294 300 318 326 327 316 270 260 260 256 252
214 220 242 261 275 299 314 317 302 238 243 270 298 315 284 259 236 233 235 234 225 241 298 301 286 269 287 292 294 286 257 229 240 239 220 211 191 183 183 205 223 223 202 186 196 212 218 208 213 236 247 253 227 204 200 201 185 187 188 198 229 240 254 265 266 268 265 264 253 232 225 225 246 279 279 274 275 292 305 320 324 285 273 275 282 279
213 243 238 241 254 287 317 323 305 242 249 279 311 299 269 262 266 270 283 277 256 251 296 276 258 245 259 268 276 265 254 262 262 242 242 227 202 187 181 210 215 200 191 184 186 187 192 206 217 218 215 223 221 201 187 201 185 187 187 188 207 226 247 271 283 268 251 238 227 208 221 248 259 258 250 249 258 279 296 312 307 302 309 308 301 290
212 260 270 272 271 293 320 323 303 244 249 275 298 303 297 300 300 288 277 282 285 281 301 285 255 231 244 261 256 244 249 255 266 261 254 216 200 184 184 191 191 186 189 205 192 186 185 197 192 188 189 199 202 201 187 188 190 202 198 190 191 205 227 252 259 246 230 212 206 239 251 254 244 234 235 251 265 292 303 300 282 294 315 311 291 272
241 252 266 292 306 319 332 331 313 270 252 265 285 322 327 323 311 291 247 252 264 282 310 298 269 244 233 255 258 237 232 253 263 257 249 229 213 192 184 184 184 194 208 217 200 183 186 184 185 185 188 199 202 192 185 184 199 204 211 211 190 197 219 238 230 219 207 205 222 250 246 236 223 238 251 266 285 292 289 275 259 289 302 304 300 251
257 279 284 298 318 321 324 322 315 284 288 294 301 331 337 334 323 304 243 226 233 249 283 286 279 262 217 233 254 245 219 240 247 247 247 247 226 198 187 186 194 206 213 219 216 202 189 191 185 185 188 193 196 189 188 193 199 205 215 216 192 195 217 222 207 202 194 216 250 242 228 216 222 253 272 288 293 268 264 257 248 274 274 285 291 245
287 304 311 309 304 298 302 291 284 307 307 299 301 315 310 317 323 285 256 228 210 215 247 240 241 243 213 213 234 238 204 214 212 207 212 219 211 192 185 192 208 221 226 224 237 234 189 191 205 207 203 184 185 187 191 197 200 204 211 206 188 199 210 201 190 186 190 207 237 231 215 216 227 268 287 293 290 257 248 238 235 256 256 275 281 240
282 298 300 284 274 287 302 286 266 295 295 268 265 280 279 298 304 305 280 256 228 200 215 204 201 203 200 194 211 213 192 192 186 185 189 189 198 191 184 210 213 222 238 235 237 234 213 200 216 230 230 197 193 189 187 196 213 221 229 218 187 194 191 188 189 187 186 188 215 215 202 220 235 269 271 265 263 278 269 253 231 233 253 276 276 233
262 274 273 259 256 297 305 294 263 280 297 276 255 255 267 275 280 307 297 279 251 215 189 189 188 188 186 188 187 186 190 197 202 207 194 189 188 187 191 221 226 222 238 235 248 248 224 206 228 251 256 226 213 209 202 200 225 231 234 219 188 195 190 189 199 197 193 190 198 200 212 222 227 245 242 240 255 308 303 279 250 228 246 265 265 228
252 247 243 251 274 290 280 288 264 256 280 290 279 243 251 251 269 280 270 272 251 213 189 197 210 210 197 200 199 198 215 221 226 223 196 188 189 187 215 221 226 221 240 268 271 258 230 208 232 254 270 247 242 235 219 225 240 244 234 217 188 201 195 189 199 205 203 187 199 211 217 217 225 227 227 233 256 296 303 297 270 220 232 250 257 222
240 234 253 277 292 267 266 283 278 239 258 274 284 253 242 234 236 250 244 251 235 188 191 211 223 228 232 228 216 222 244 249 235 216 221 219 210 187 215 235 249 239 249 288 283 256 228 217 235 257 283 299 276 250 226 241 254 254 237 213 191 200 194 186 199 207 203 191 204 210 217 221 218 213 215 223 237 260 268 274 268 218 222 242 249 207
230 241 269 293 275 250 256 284 295 254 242 252 275 286 270 249 232 221 221 231 223 184 191 193 194 197 228 243 255 271 289 273 247 226 249 219 210 204 230 260 276 265 262 290 277 253 222 229 258 285 306 314 284 247 229 259 270 260 237 210 184 190 191 188 204 207 191 188 207 215 223 222 209 196 194 194 206 230 241 256 257 213 216 235 241 207
224 244 265 283 260 244 254 280 307 275 249 238 250 290 299 288 269 229 218 206 210 191 193 188 187 188 202 228 255 288 316 291 247 226 249 246 231 221 254 286 305 289 286 281 257 232 216 230 252 273 298 308 276 245 240 278 280 262 238 215 187 187 188 187 214 204 191 185 206 209 212 211 191 190 188 189 189 207 226 234 236 213 211 230 228 219
236 226 240 260 238 234 259 286 312 290 262 238 233 273 294 295 281 246 225 204 192 201 198 196 193 185 204 229 259 298 316 291 266 253 281 285 264 246 267 299 324 318 303 272 253 240 229 222 243 269 297 298 267 248 260 300 296 277 245 192 185 190 185 190 222 202 190 198 202 201 195 189 193 204 213 219 194 191 205 208 209 203 198 211 208 225
263 234 216 228 221 237 272 297 307 302 284 254 224 250 269 270 260 219 199 189 185 189 187 184 185 189 210 237 259 298 310 297 291 286 308 312 292 270 275 300 317 309 298 288 279 275 259 228 254 285 313 296 268 262 278 310 295 277 249 194 189 185 185 202 229 205 188 190 192 186 187 199 223 233 236 244 208 191 186 191 190 196 194 200 203 213
