Summer_School_UNIBAS_SpatialEcology_Matera_2016/GFI/1/INPUT_calibration/demvoid_rit.txt
ncols        568
nrows        686
xllcorner    376209.518809247350
yllcorner    4202368.533232135700
dx           90.037702082453
dy           90.005760368660
NODATA_value -9999
[rows 114 to 151 of 686, columns 172 to 257 of 568]
199 201 200 196 202 200 198 197 195 186 180 179 181 176 176 175 176 172 171 174 187 198 189 189 199 203 197 194 195 182 189 196 206 212 215 192 204 209 194 173 172 174 172 187 185 179 196 207 193 215 225 232 240 237 244 242 248 246 237 221 243 251 246 237 241 255 265 268 259 239 220 216 184 196 218 238 218 216 240 270 279 240 219 200 184 210
198 198 198 198 202 202 197 197 193 184 179 180 178 176 174 175 176 176 173 174 189 207 202 193 201 206 193 188 190 187 206 218 229 212 215 210 217 226 205 182 173 171 174 207 212 189 183 184 190 208 223 246 257 260 259 260 259 251 234 235 258 267 262 266 264 266 271 269 242 233 223 211 197 218 249 265 238 223 241 259 279 255 242 222 199 205
200 201 199 198 202 205 199 196 197 183 176 176 180 176 176 175 174 175 173 172 191 209 205 199 201 203 190 189 190 191 207 218 229 233 230 222 216 212 176 176 175 171 187 219 227 217 189 199 226 239 247 275 275 276 274 265 249 237 221 232 241 259 270 282 270 261 259 260 224 216 204 191 222 253 272 277 238 233 256 275 291 275 260 235 210 201
198 197 194 198 203 196 195 196 199 181 175 174 172 171 175 176 174 174 173 176 194 208 217 224 225 216 192 196 211 191 207 215 227 235 229 215 203 186 176 188 202 199 225 242 251 230 198 209 244 260 261 272 265 258 258 265 242 226 242 245 243 247 258 275 258 243 237 243 234 215 191 193 252 272 282 280 252 256 273 287 287 266 239 224 211 191
194 196 200 206 196 194 193 195 199 174 175 175 174 173 175 176 174 174 183 194 209 223 225 236 229 212 192 196 211 213 223 224 226 231 217 202 189 176 200 227 238 232 238 259 259 234 202 202 220 230 232 236 233 239 258 265 248 240 259 266 263 263 268 270 260 238 218 226 219 207 188 203 255 257 268 277 289 291 292 289 285 274 253 229 202 184
184 199 210 209 191 193 190 189 189 173 175 175 177 190 187 179 178 192 201 204 214 230 237 242 229 198 201 220 230 229 220 224 219 219 208 202 185 174 211 235 254 263 262 270 259 236 215 187 193 200 214 232 240 249 259 275 257 244 260 257 257 262 264 242 246 245 224 206 192 185 186 200 237 234 244 255 280 293 288 266 257 268 262 237 205 190
176 180 180 185 186 189 188 185 186 176 176 176 176 191 191 192 205 229 228 215 213 233 237 242 229 195 201 212 224 228 241 242 229 222 213 188 178 198 208 218 236 258 285 276 258 238 190 188 215 239 251 269 274 280 278 278 260 257 272 260 244 240 253 225 222 225 218 200 204 222 220 198 210 219 238 245 281 296 288 264 228 239 247 232 197 219
174 176 174 169 178 181 186 183 177 173 174 176 174 182 185 189 205 227 230 218 213 233 239 238 225 205 217 215 214 228 257 256 239 229 194 187 205 233 227 233 242 259 288 275 257 242 187 197 230 252 262 272 268 268 279 291 281 283 284 273 250 231 238 245 225 206 199 188 243 258 246 215 223 246 263 275 285 288 280 272 224 210 219 217 209 238
178 182 179 172 173 175 179 180 173 171 170 174 175 180 190 191 199 218 230 218 218 237 236 231 220 210 230 242 233 236 251 260 245 232 180 200 229 261 254 262 277 282 275 258 243 220 191 192 216 227 242 259 246 255 272 291 292 280 266 269 257 236 217 240 219 197 192 242 263 261 238 213 221 233 247 271 275 254 249 254 244 213 194 195 206 232
184 188 177 180 174 175 175 176 172 170 174 175 181 193 202 206 199 218 223 224 229 242 238 227 217 209 232 253 262 246 255 255 241 215 187 217 247 269 288 295 305 306 288 270 252 240 204 191 207 235 251 246 235 242 245 280 289 275 249 244 237 225 209 207 199 197 222 270 278 261 239 228 264 261 254 274 280 259 240 227 223 197 204 226 207 217
198 196 197 198 182 174 174 174 172 175 175 174 190 203 202 206 221 222 224 225 237 250 235 224 212 206 221 240 258 259 252 243 232 202 192 217 235 255 290 282 287 293 297 284 258 234 205 189 200 229 253 239 222 225 242 275 288 272 250 228 233 238 240 222 202 204 224 271 285 275 247 235 282 291 286 289 300 285 263 238 206 216 233 251 214 205
223 215 209 202 200 182 176 178 170 174 179 183 190 203 210 213 235 237 245 259 269 261 243 229 208 205 214 230 252 253 234 230 212 188 211 231 241 254 268 258 266 271 285 279 243 238 222 195 197 206 226 217 207 219 228 267 289 288 265 259 267 268 267 233 210 198 211 267 290 293 275 255 274 298 305 301 291 281 259 233 225 243 268 274 227 210
239 233 225 217 212 205 195 186 176 184 179 183 212 220 214 214 229 252 264 279 276 249 243 232 210 211 230 236 242 241 230 216 189 185 209 226 238 247 252 241 250 253 293 292 281 271 234 223 213 196 199 207 235 239 240 267 286 294 287 281 278 275 272 238 214 205 233 272 276 278 271 279 288 302 307 291 262 262 239 218 255 278 285 274 229 204
237 243 240 234 235 238 232 211 176 184 196 215 241 238 222 221 228 238 255 273 269 231 230 227 218 202 223 232 234 228 218 204 184 189 197 199 208 222 227 238 248 261 299 306 296 286 264 257 247 221 207 227 241 252 265 271 284 292 281 274 263 251 255 241 214 202 227 251 249 250 243 275 299 309 306 292 241 232 220 234 275 285 271 244 213 218
224 237 241 245 257 248 232 211 186 196 203 219 252 249 243 240 236 236 244 261 267 246 233 221 211 193 200 216 219 219 211 194 179 220 232 230 228 236 245 256 264 282 287 284 278 269 255 249 234 206 201 201 217 242 267 271 278 283 264 267 256 234 231 217 212 197 210 223 222 233 241 269 291 297 293 293 255 237 249 263 286 269 242 226 217 218
215 219 231 239 257 248 236 216 217 229 221 213 246 257 263 267 258 247 253 260 252 252 247 238 223 197 187 196 193 207 202 182 180 230 247 260 266 277 277 277 277 284 277 252 249 241 229 225 213 214 235 231 213 222 241 255 266 258 246 268 256 234 217 233 244 235 214 221 244 258 274 286 284 279 274 285 267 250 264 289 277 250 235 226 217 232
221 218 231 239 258 242 224 216 225 245 241 230 230 241 251 270 272 273 274 258 233 243 246 235 220 208 208 192 190 203 192 179 187 228 254 276 289 286 276 265 260 265 280 256 243 245 241 226 218 242 262 244 225 222 228 241 236 240 269 266 246 233 240 258 269 256 239 216 240 263 278 275 258 252 270 295 284 275 286 301 275 250 235 241 264 258
221 218 234 263 260 241 231 243 238 253 258 257 250 255 258 271 250 260 269 265 235 229 233 229 214 223 225 216 195 193 188 180 199 248 265 274 269 265 247 241 242 264 287 278 276 280 267 240 230 244 268 243 233 250 223 221 241 257 281 278 267 248 250 277 268 251 227 205 217 236 247 253 237 250 277 298 301 298 286 301 275 266 264 267 291 288
236 220 224 251 254 246 250 267 270 273 281 284 275 275 269 255 235 242 252 259 238 226 221 215 218 227 226 228 219 181 177 187 215 255 270 260 246 245 230 229 248 274 282 290 293 295 276 253 230 252 272 256 255 266 234 227 243 254 259 266 272 267 269 283 259 232 215 226 216 206 218 227 224 245 264 293 301 298 301 299 295 295 297 292 298 290
248 240 225 233 245 247 257 270 270 268 272 282 260 257 247 237 227 229 233 240 244 233 222 208 239 240 232 220 213 182 179 202 236 260 258 246 223 226 215 222 237 241 254 262 281 291 274 250 241 260 291 277 281 282 248 225 225 238 254 260 271 284 286 274 249 223 234 259 229 223 213 232 243 246 264 293 295 287 279 288 300 309 310 303 297 284
256 249 241 225 230 240 247 251 246 255 271 282 262 266 269 264 256 238 221 223 243 232 217 200 235 232 230 218 206 185 181 198 225 248 238 230 207 215 228 234 241 256 259 276 291 300 268 251 253 268 297 292 287 278 241 221 237 260 279 286 293 287 258 255 240 233 249 280 268 258 239 227 243 246 265 282 267 259 261 291 306 308 296 287 277 272
238 238 252 248 242 235 241 251 259 277 283 286 280 281 270 266 275 260 242 219 227 225 202 193 202 197 197 195 189 180 177 189 207 220 207 197 195 232 251 259 262 281 286 295 298 285 286 281 279 285 277 273 280 277 235 228 250 268 283 291 300 291 246 233 241 258 265 292 286 272 239 227 248 256 263 258 237 245 265 295 296 292 292 264 257 249
218 234 244 273 269 254 246 276 281 279 277 280 263 266 257 252 266 259 253 241 211 211 197 184 192 190 188 190 197 203 194 180 184 190 198 222 234 249 267 280 283 273 272 286 285 266 284 303 309 304 264 254 265 285 249 236 240 252 264 285 298 298 254 239 260 280 288 279 286 272 253 218 227 229 233 227 232 244 259 278 270 273 290 282 260 249
207 219 228 265 268 269 259 274 279 268 257 271 255 251 247 242 256 246 253 258 219 195 185 186 227 233 237 235 229 235 214 189 178 196 221 240 255 270 273 266 261 250 252 268 261 253 275 295 299 278 259 247 255 276 249 242 242 251 284 292 291 290 261 250 255 280 287 279 269 253 242 219 235 245 248 250 248 242 241 251 251 275 298 279 257 260
235 220 219 241 253 275 278 281 282 270 249 273 262 241 238 241 248 234 246 257 227 198 189 208 255 261 261 259 245 245 228 210 191 190 206 227 243 264 252 243 241 244 238 247 242 265 283 289 275 255 252 242 250 271 278 258 252 272 288 275 271 291 288 250 255 279 268 252 250 244 244 227 243 257 266 283 281 277 259 248 253 268 289 265 259 273
261 244 232 228 248 259 258 266 275 273 252 255 256 237 219 226 229 218 230 238 225 199 194 217 238 241 248 268 262 252 241 225 197 182 189 212 234 242 229 227 249 259 236 228 242 281 294 279 263 237 240 234 240 260 283 269 265 277 265 259 275 291 288 276 281 290 274 274 278 280 280 244 228 239 258 290 300 301 285 276 285 279 285 277 259 276
260 260 254 227 231 239 250 273 269 261 247 237 231 221 215 216 205 202 205 208 213 195 189 210 218 237 260 262 239 228 223 212 204 196 182 187 210 213 211 240 262 245 224 234 259 287 282 278 274 248 233 226 245 262 267 252 253 256 249 259 275 283 287 296 298 297 281 294 287 273 283 262 237 240 249 279 297 313 309 299 301 296 300 288 269 291
241 259 272 237 235 247 262 274 255 247 239 222 223 238 248 237 243 237 221 205 201 192 188 194 239 263 273 270 240 234 228 218 232 218 195 181 186 205 235 261 265 221 224 249 272 260 260 264 277 261 248 227 240 256 241 226 236 256 249 270 276 266 285 285 284 284 266 285 268 255 286 272 247 239 251 285 302 312 315 301 300 305 303 286 284 299
251 262 268 253 251 258 275 278 276 270 259 237 254 271 272 270 275 259 248 232 191 189 186 197 242 258 260 270 268 267 264 254 250 238 212 184 180 225 249 264 253 209 229 260 271 246 243 260 269 245 239 219 221 225 224 226 236 242 270 282 271 255 282 267 263 273 259 275 258 246 282 265 246 241 249 267 281 302 311 280 285 301 294 295 291 288
245 245 256 273 271 277 276 285 290 279 255 258 272 275 274 265 274 260 239 215 213 230 216 197 226 231 232 248 277 278 275 271 253 242 212 188 184 206 225 238 223 215 242 266 261 234 247 267 265 226 210 215 221 225 224 244 256 263 288 280 259 248 275 254 249 252 257 269 252 255 285 267 260 262 268 275 296 308 299 260 272 292 280 304 282 267
223 233 241 253 265 264 256 287 288 272 258 280 274 257 251 254 268 250 224 211 244 257 243 220 203 211 238 254 274 267 258 255 238 222 202 197 187 187 201 207 198 239 260 265 253 227 254 268 256 215 210 215 224 230 240 248 265 284 293 275 253 245 272 251 241 236 268 274 248 248 283 289 295 302 310 313 310 301 291 252 268 281 270 299 289 263
210 218 226 252 254 244 255 287 291 285 283 289 280 257 241 247 252 242 221 228 255 265 250 237 205 216 242 255 267 254 244 236 212 211 219 233 213 186 185 186 201 248 256 253 235 235 256 261 256 215 213 238 256 259 262 258 272 280 285 270 249 242 265 249 233 230 270 270 242 239 281 293 293 297 312 309 297 281 268 252 265 271 261 295 300 284
212 231 257 258 239 242 260 273 287 286 274 289 283 267 246 223 226 225 210 234 251 267 267 254 210 208 220 235 261 255 253 241 241 247 255 255 222 194 182 181 205 216 224 235 215 242 256 261 249 214 221 242 255 281 284 285 274 258 274 274 252 238 261 260 240 220 265 257 232 240 262 259 266 282 293 276 276 257 241 255 253 258 252 287 294 291
208 222 234 232 226 242 247 261 263 255 253 281 277 253 249 235 216 204 222 251 259 267 277 263 230 204 226 251 272 275 278 276 263 261 255 239 196 189 196 201 186 192 194 199 215 242 253 245 233 206 217 228 248 271 266 272 264 250 269 272 255 237 253 260 240 220 242 238 221 234 236 250 263 293 271 251 243 248 277 272 261 254 245 270 267 279
216 221 221 227 226 227 223 242 236 246 269 258 267 246 243 247 230 218 235 272 270 260 259 244 227 209 227 242 250 256 269 278 242 233 231 216 197 222 236 238 194 187 194 199 194 224 229 218 221 210 232 250 265 253 249 257 251 240 257 257 248 234 222 233 223 208 216 216 218 221 226 248 270 278 253 237 255 279 302 293 285 267 251 247 248 260
225 245 262 265 257 249 246 239 242 259 272 248 251 249 237 217 213 229 243 278 280 255 242 224 217 198 215 226 252 265 276 278 242 225 206 199 236 253 262 258 194 187 192 193 193 193 194 208 220 219 245 254 263 237 232 244 245 224 246 254 248 234 221 205 213 237 250 250 250 250 235 232 241 246 235 243 261 276 294 296 292 275 267 252 245 240
220 250 270 280 282 284 277 254 244 250 256 247 239 226 225 240 237 235 241 282 288 270 258 240 226 198 216 232 255 267 265 261 251 229 203 217 269 274 262 258 207 199 223 241 228 211 191 194 199 218 234 235 244 221 214 217 216 208 225 233 230 223 210 215 245 264 268 275 279 281 269 253 243 230 249 257 251 257 271 283 289 296 297 286 278 261
233 234 257 268 278 286 292 277 273 280 277 269 254 236 225 261 254 242 239 275 266 271 266 231 214 202 220 244 255 260 250 244 245 227 208 217 269 274 263 251 202 197 220 243 258 240 211 196 189 198 207 220 224 195 195 196 196 197 199 203 206 202 197 221 245 260 254 260 264 274 299 285 271 254 249 265 276 282 294 296 296 288 296 280 268 259
