Summer_School_UNIBAS_SpatialEcology_Matera_2016/GFI/1/INPUT_calibration/demvoid_rit.txt
ncols        568
nrows        686
xllcorner    376209.518809247350
yllcorner    4202368.533232135700
dx           90.037702082453
dy           90.005760368660
NODATA_value -9999
[rows 190 to 227 of 686, columns 344 to 429 of 568]
303 301 287 289 309 320 305 286 273 286 287 284 293 313 298 279 287 298 319 320 315 313 281 283 281 297 302 277 299 303 290 305 312 317 311 262 245 256 266 228 218 238 259 263 249 242 241 231 244 241 243 252 288 300 285 273 249 264 281 294 278 278 273 248 227 267 291 297 286 234 245 260 271 241 254 257 247 231 225 230 235 235 261 267 279 288
320 308 313 314 319 307 291 276 262 266 267 283 303 318 302 276 282 300 323 311 291 287 272 267 267 268 266 277 299 302 281 287 297 301 316 271 244 239 251 233 213 233 252 240 226 229 246 258 269 262 266 283 305 303 287 278 248 251 260 274 266 257 265 255 229 269 295 294 276 236 238 254 258 237 251 261 261 232 222 232 242 256 276 291 297 288
299 294 306 305 311 320 304 297 283 253 268 286 295 310 299 275 270 281 319 311 299 291 283 279 267 268 266 271 293 303 288 265 282 301 313 267 247 231 230 230 211 219 226 225 236 252 268 283 294 289 292 300 294 304 308 293 256 249 243 254 261 243 244 239 229 268 283 291 285 246 232 247 248 230 247 259 256 225 232 251 263 278 308 320 313 292
297 275 288 304 323 314 299 308 301 255 254 269 292 304 304 280 264 279 323 324 310 307 283 279 266 251 249 265 287 301 299 252 269 290 305 280 272 259 244 226 213 208 214 242 260 280 286 287 300 293 293 292 289 304 314 303 278 260 242 236 257 250 232 219 223 249 258 282 290 251 228 231 241 223 229 230 225 224 243 261 278 310 304 309 315 313
309 269 288 303 321 314 298 289 299 262 257 268 279 290 305 279 264 268 303 324 310 307 309 296 277 255 232 254 276 294 294 248 258 277 299 310 302 290 270 245 228 211 232 272 285 290 275 295 302 284 274 273 287 300 300 299 295 268 250 228 238 244 224 221 258 265 273 290 296 265 240 222 227 214 215 219 228 241 239 255 272 304 291 283 294 309
301 263 284 306 324 307 289 275 286 268 250 254 277 296 305 282 259 268 303 298 295 307 306 295 281 268 239 232 255 275 275 247 246 266 285 303 301 299 282 245 225 218 243 284 286 274 267 297 307 286 264 252 278 285 293 305 305 276 265 255 226 216 218 238 286 297 295 287 281 270 254 227 212 230 252 256 260 259 259 258 277 295 277 278 297 318
292 261 276 299 313 295 283 266 281 269 250 255 280 294 305 282 259 256 275 281 296 305 299 302 300 294 263 240 235 249 272 245 236 253 271 284 281 290 282 237 221 227 252 265 260 253 262 302 309 292 261 244 283 295 304 302 309 296 277 267 240 225 227 249 290 306 295 274 262 258 245 221 218 261 273 283 282 278 274 271 287 279 265 277 303 328
308 266 258 279 294 278 271 262 282 275 251 251 280 294 293 286 262 246 269 287 311 312 272 280 281 286 288 267 252 234 247 232 237 263 284 277 265 265 270 240 220 223 242 239 243 255 275 310 302 283 254 244 285 285 280 286 299 286 268 254 244 233 221 244 284 299 301 280 253 231 223 210 229 269 284 301 305 311 300 297 300 269 262 281 300 320
320 288 257 257 267 269 264 260 278 278 251 251 267 271 280 287 271 247 275 297 312 314 284 264 260 277 311 290 261 238 227 217 244 263 278 278 255 252 261 238 221 216 227 234 251 268 290 314 299 273 251 245 258 263 274 287 287 284 265 245 232 229 222 242 287 302 303 280 235 210 212 235 249 267 277 289 302 319 298 289 285 264 256 275 287 312
316 300 286 263 246 258 256 260 278 278 262 242 248 273 290 292 270 250 272 284 286 301 300 270 262 263 306 302 281 265 236 227 227 241 273 268 253 242 242 229 210 207 220 244 266 287 306 306 294 273 259 247 262 274 293 288 267 273 269 258 224 216 224 254 296 298 289 270 230 211 234 259 271 278 280 284 289 303 295 276 266 249 250 266 277 304
309 284 290 291 278 258 256 249 271 291 275 251 245 285 300 297 271 242 259 263 273 298 284 267 252 261 301 311 298 292 260 237 221 227 250 261 254 240 230 217 210 227 244 256 272 288 296 287 288 275 256 262 280 297 303 284 258 250 251 255 237 214 225 255 294 281 268 255 224 215 230 250 264 274 275 271 270 284 296 290 269 242 246 258 278 304
292 272 290 291 278 246 240 240 265 289 278 252 244 275 285 290 268 239 250 266 283 297 273 258 246 257 295 305 294 284 275 262 240 218 233 248 252 244 229 208 221 232 242 260 264 272 271 282 285 269 248 264 285 305 314 308 272 256 247 237 237 217 224 252 288 275 251 234 213 213 218 225 236 253 257 267 277 297 311 308 287 253 236 248 265 294
292 272 267 283 295 272 255 239 248 276 268 244 234 261 273 285 278 246 252 271 287 301 277 263 245 246 287 303 291 271 268 274 259 235 217 229 232 226 213 208 225 226 232 235 246 252 252 283 282 260 240 265 278 293 300 312 299 287 276 256 230 216 218 242 272 257 234 210 239 247 249 247 247 250 266 284 301 319 324 314 293 263 248 230 242 274
275 266 257 269 287 302 285 262 238 251 242 230 246 268 274 286 279 246 249 265 279 301 287 268 244 239 273 279 278 265 253 267 268 244 207 208 209 206 208 226 245 254 256 246 244 247 258 292 279 256 240 253 269 286 305 302 289 290 286 271 239 213 206 233 249 237 211 218 268 285 284 278 278 282 278 291 310 305 303 309 309 279 267 246 225 260
247 252 249 264 288 301 290 277 256 221 229 252 270 294 291 290 277 243 244 260 278 290 277 263 245 232 245 252 267 259 239 255 257 250 218 200 207 228 236 232 248 261 272 268 261 265 277 289 268 248 231 261 279 295 307 298 279 267 260 259 247 235 215 211 228 211 208 237 289 304 309 304 310 311 301 304 315 291 282 298 313 298 271 258 238 248
254 240 237 259 300 298 280 264 257 223 244 272 293 290 295 287 269 234 251 266 281 289 277 260 244 230 225 233 244 249 233 238 234 229 203 204 227 244 267 261 255 264 279 302 287 284 297 271 248 235 223 260 270 282 296 305 285 261 250 242 235 228 223 206 206 205 225 242 288 312 308 300 299 313 317 320 311 281 277 288 288 304 280 261 244 230
280 255 236 242 283 298 287 262 244 231 254 282 299 277 281 282 266 233 246 253 266 291 283 267 260 257 229 217 215 228 227 238 222 202 196 216 236 254 292 292 290 283 292 307 302 303 305 278 260 240 224 245 250 271 291 305 304 287 273 266 244 234 223 213 202 222 238 258 298 319 308 287 289 299 304 309 300 286 270 274 282 307 293 261 244 230
278 262 244 227 270 284 288 276 253 235 264 290 301 263 265 272 264 223 237 251 267 295 296 286 283 288 257 244 229 212 224 220 209 200 220 224 241 264 292 287 295 302 312 295 283 278 286 298 279 257 233 238 246 267 283 307 304 299 297 275 265 255 241 228 205 237 248 270 301 314 307 284 272 279 278 289 308 297 278 270 282 307 293 268 251 214
252 253 244 222 247 261 271 274 250 230 261 285 287 260 247 257 245 243 260 275 286 300 294 285 285 294 279 264 247 229 209 201 202 220 246 246 250 265 274 265 277 294 308 289 271 260 263 285 276 255 233 252 271 285 297 298 281 281 286 283 270 244 233 221 205 238 262 271 280 296 305 289 258 265 270 292 318 308 278 270 274 299 301 284 270 228
241 233 229 220 219 232 249 258 215 229 257 272 273 252 237 231 222 257 274 286 298 296 279 264 262 279 273 258 240 232 198 194 210 231 268 276 270 268 254 266 286 302 312 292 268 252 246 264 258 246 222 257 275 279 287 287 269 259 258 264 269 249 241 232 202 232 257 261 262 290 305 291 248 255 276 292 318 308 290 267 256 282 295 299 280 249
258 262 254 254 238 217 220 227 219 239 260 267 256 249 227 214 236 257 263 275 289 305 289 270 253 253 254 247 235 220 195 204 232 250 287 286 266 254 261 276 289 296 305 290 268 247 238 238 232 229 217 248 255 265 278 298 273 259 245 250 256 263 255 243 201 225 245 243 261 283 302 294 247 255 276 299 306 302 300 279 258 265 276 281 274 255
282 279 280 273 259 243 219 204 231 259 271 264 247 222 221 237 249 281 290 291 288 291 294 279 260 233 233 237 234 226 193 215 238 254 299 292 264 253 253 262 276 292 300 297 282 266 254 238 232 229 215 229 245 266 280 308 293 269 251 232 244 246 242 211 198 212 229 234 269 287 302 294 247 243 268 293 293 289 303 298 255 253 259 271 278 265
263 265 270 263 272 267 244 218 238 267 270 252 227 229 247 267 279 298 305 296 273 257 273 280 272 245 222 219 219 194 199 222 241 263 291 284 269 250 251 270 292 301 280 295 302 293 275 266 260 250 233 222 243 257 262 282 287 275 259 226 230 241 243 204 194 201 220 234 269 287 301 290 240 243 266 286 279 290 301 292 279 257 242 255 270 255
245 240 240 238 255 260 249 219 226 242 235 215 239 258 265 279 297 312 314 304 293 249 253 265 272 263 246 227 204 193 204 212 235 252 286 278 255 244 258 280 296 300 270 281 297 306 307 297 287 265 244 210 227 240 242 270 286 284 260 220 210 228 235 198 196 201 220 240 265 280 287 278 230 227 249 263 282 299 293 287 288 267 244 231 247 251
270 265 256 244 224 231 235 223 206 202 203 218 259 277 286 292 293 306 300 298 297 257 240 246 254 259 266 248 215 203 233 254 255 273 293 283 264 247 258 261 283 299 261 266 291 309 294 291 291 269 243 207 210 222 241 274 288 279 260 218 200 208 235 198 196 207 229 243 257 259 260 261 226 216 231 249 291 301 285 283 293 277 258 230 219 231
293 300 293 282 254 231 216 207 196 204 233 255 269 288 299 289 276 281 278 283 300 271 250 227 229 241 251 241 212 212 251 273 282 284 290 286 273 250 249 269 287 296 258 265 282 296 268 266 274 270 256 213 201 224 249 283 280 255 240 199 200 208 218 196 203 226 242 255 243 226 224 230 212 210 232 255 290 290 279 280 297 286 274 250 206 208
283 295 305 301 286 269 240 222 202 228 258 260 272 291 290 267 260 258 264 289 305 273 260 241 222 228 230 213 197 220 247 265 281 260 268 274 267 248 249 273 292 292 254 255 273 285 252 248 259 268 240 216 203 220 241 279 266 255 240 199 193 195 197 195 211 232 246 245 222 199 197 198 199 218 249 267 280 271 263 267 282 275 270 250 201 198
261 285 296 283 265 268 264 245 199 226 251 248 272 283 273 255 251 249 263 287 302 266 259 251 242 201 201 195 203 250 265 275 283 256 254 254 259 245 244 268 281 279 246 255 271 274 235 226 235 245 236 213 202 221 251 279 266 244 224 192 191 194 193 196 218 232 242 233 203 198 193 195 210 235 260 275 274 263 249 265 262 251 238 219 198 212
264 292 302 290 259 247 240 232 197 216 233 235 269 273 259 241 248 243 257 278 294 267 250 250 252 224 196 200 224 272 282 291 302 274 247 240 245 231 244 260 269 259 245 258 267 254 215 203 198 215 225 202 202 221 251 280 259 238 208 192 191 196 194 195 200 212 229 221 198 197 195 194 217 240 259 273 261 248 241 258 250 224 206 199 228 247
263 289 310 310 283 263 239 221 193 197 220 234 271 271 253 236 243 235 248 274 290 273 251 235 237 219 195 200 222 260 276 295 313 286 262 237 224 214 242 251 251 238 245 265 258 232 193 192 190 196 225 202 200 225 254 280 251 232 209 191 201 204 209 197 196 203 210 202 195 190 195 195 211 227 246 262 248 235 233 246 232 211 200 212 262 272
255 280 293 295 298 287 270 242 194 201 234 259 278 263 239 223 231 235 256 269 278 280 271 245 227 199 198 220 244 263 280 296 307 282 265 242 216 206 242 246 238 221 254 265 244 216 194 192 190 196 210 197 198 230 269 268 256 236 208 198 219 227 227 205 200 196 198 193 193 194 202 193 200 219 238 252 238 225 215 222 203 199 201 230 273 265
252 262 265 285 271 256 245 235 198 208 244 268 265 252 232 213 219 228 245 253 265 274 271 262 243 193 213 244 262 279 283 286 296 273 252 233 210 226 244 239 223 217 246 250 242 216 194 193 188 191 197 194 209 236 257 252 244 235 210 199 227 238 236 231 219 205 192 196 197 198 206 195 196 211 230 243 239 222 210 198 192 197 205 228 268 270
227 235 257 255 228 219 214 211 194 214 250 264 250 239 217 208 205 224 243 254 256 261 246 239 227 198 228 258 272 284 274 271 285 255 234 217 200 214 228 228 217 217 246 250 242 215 190 198 204 195 191 194 211 226 248 243 228 220 202 204 227 247 253 252 244 230 212 201 205 216 216 195 193 209 225 228 230 215 205 197 199 197 200 205 243 249
217 244 264 225 207 200 195 198 191 223 248 261 235 219 206 195 206 219 231 242 238 225 208 202 199 203 230 255 270 274 254 270 282 246 210 199 196 206 213 214 217 217 232 236 235 220 194 201 217 214 191 195 205 215 223 223 215 201 196 211 238 259 273 276 272 260 244 235 241 247 235 190 196 195 204 206 206 198 197 196 206 207 197 197 215 233
233 257 260 213 195 189 190 192 196 223 235 229 207 198 194 192 218 212 216 225 207 194 188 192 196 234 262 272 274 253 242 267 281 237 199 191 191 206 213 214 206 218 234 228 226 214 193 206 221 227 196 192 193 194 196 201 196 192 186 220 237 254 268 286 288 284 271 263 269 266 256 197 193 194 194 197 200 195 200 208 225 221 202 195 210 218
239 258 249 201 193 190 188 189 200 211 205 197 186 188 189 188 194 193 200 203 185 189 191 192 223 249 262 262 257 226 226 253 270 238 196 191 191 193 194 194 195 210 214 218 210 198 193 218 229 237 216 198 193 188 190 191 195 189 199 213 230 248 258 271 286 304 311 301 300 291 271 215 200 195 192 195 194 204 219 236 233 222 202 194 216 216
237 237 226 195 192 193 197 188 195 200 192 189 192 194 191 194 194 191 191 192 190 191 189 189 217 227 224 218 212 199 207 227 270 238 196 190 188 195 198 197 196 193 197 207 207 192 204 224 236 247 245 239 224 217 211 212 206 199 191 198 219 236 234 261 282 301 305 288 287 292 289 250 236 213 217 224 226 238 251 245 229 211 197 198 216 218
215 213 205 190 197 217 214 188 192 190 188 187 196 201 208 215 218 223 218 213 220 216 196 191 195 198 194 194 193 192 207 227 240 252 220 198 195 212 225 223 212 197 193 196 197 193 206 215 223 229 256 258 251 244 240 244 246 234 199 194 202 212 219 261 277 283 278 268 274 288 299 275 259 239 239 263 260 261 257 240 213 197 195 211 219 225
