Summer_School_UNIBAS_SpatialEcology_Matera_2016/GFI/1/INPUT_calibration/flowacc_rit.txt
ncols        568
nrows        686
xllcorner    376209.518809247350
yllcorner    4202368.533232135700
dx           90.037702082453
dy           90.005760368660
NODATA_value -9999
[rows 176 to 219 of 686, columns 96 to 191 of 568]
0 0 1 5 2 0 0 2 197 1 0 1 1 11 3 0 0 1 2 0 0 1 129 0 26 1 0 0 0 9 0 3 4 0 1 4 413312 1 0 0 0 1 0 4 1 1 0 3 0 0 0 0 0 0 0 2 2 0 0 0 0 3 6 1139 0 2 395 392 0 1 1 0 3 1 0 0 2 10 16 0 0 0 0 42 38 0 3 1 0 5 0 0 0 0 0 4
0 0 2 0 0 0 1 0 192 0 1 20 15 1 0 0 0 1 2 3 1 121 2 1 1 21 1 0 0 7 2 0 2 1 2 3 70 413238 1 0 3 0 11 5 4 1 0 0 0 0 0 0 0 0 0 0 7 0 0 1 1 1 7 1142 0 1 1 387 2 2 0 1 4 3 0 0 4 30 1 0 0 0 50 4 0 0 1 0 0 1 0 0 1 2 0 1
0 0 0 0 1 2 3 33 191 27 24 2 0 0 0 0 0 1 4 3 115 2 1 0 0 15 2 0 0 5 1 1 0 1 2 3 69 413234 0 5 0 15 1 0 2 1 0 0 0 1 1 1 0 2 0 2 9 0 0 1 4 2 1158 6 0 0 0 1 384 5 1 2 5 4 1 0 37 0 0 0 1 59 6 1 2 0 0 0 0 3 0 0 1 5 0 0
0 0 0 0 0 1 28 1 0 125 1 0 0 0 1 0 0 1 2 8 97 1 1 0 0 12 1 0 0 3 0 0 0 0 1 58 5 5 413226 19 18 0 6 5 1 0 0 0 2 2 2 2 1 3 1 15 10 1 0 3 5 1168 5 2 5 0 0 0 3 373 368 246 239 237 229 223 172 168 0 1 66 3 1 1 0 0 0 0 6 2 0 0 3 12 0 1
0 0 1 3 5 23 1 0 0 122 1 0 0 1 4 0 0 1 2 3 90 0 0 0 0 8 1 0 0 0 0 0 0 0 1 55 4 4 413199 0 0 10 2 1 0 0 1 0 4 3 3 3 2 25 20 0 0 5 1 4 1176 0 0 0 1 3 0 0 1 3 117 0 0 1 2 7 2 1 165 69 1 1 0 0 0 0 0 2 12 0 0 0 0 1 16 0
0 0 2 4 12 3 0 0 1 2 115 13 11 8 2 0 0 1 2 3 84 3 2 0 0 3 1 0 0 1 0 0 1 1 2 52 3 3 4 413192 14 1 0 0 0 1 2 1 5 4 4 4 42 12 0 0 0 1 10 1185 2 1 0 0 0 0 0 0 1 2 115 1 0 0 1 6 1 0 90 1 0 0 0 0 0 0 21 18 0 0 0 0 0 1 3 22
0 0 0 0 5 1 0 0 1 76 2 20 5 1 0 0 0 1 2 3 75 2 0 0 0 0 0 0 0 1 3 0 1 2 3 48 2 2 3 413021 154 1 0 1 1 2 3 2 6 64 58 52 0 0 9 0 0 0 0 1202 4 3 2 0 0 0 0 1 2 3 112 1 0 0 2 2 0 1 87 1 0 0 0 0 2 27 3 0 0 0 1 1 0 0 0 1
0 1 0 0 2 0 0 0 70 2 1 0 12 2 1 0 0 0 0 1 69 1 0 0 0 0 0 0 0 1 8 9 11 14 15 43 1 1 2 413020 151 0 0 3 2 97 93 88 84 4 0 1 0 0 7 0 0 0 0 1222 17 16 15 13 9 0 0 0 1 2 105 2 1 0 1 1 0 1 2 79 0 1 1 1 34 1 0 0 0 1 5 2 1 0 0 0
3 1 0 0 0 0 0 0 68 2 1 0 3 7 0 0 0 2 4 64 1 0 0 0 3 2 1 0 0 1 2 0 0 1 2 26 0 0 1 413019 149 0 0 4 111 4 3 2 6 1 0 0 0 2 0 0 0 3 0 1230 2 1 0 0 1 6 0 0 1 2 98 4 1 0 0 0 0 1 1 1 73 62 57 51 0 0 0 0 1 3 5 16 3 0 0 0
19 9 4 1 0 0 0 2 63 1 1 0 2 4 0 0 2 5 7 47 2 1 0 0 1 9 1 0 0 1 2 6 1 2 3 22 0 0 0 413018 147 2 0 123 0 3 0 1 3 1 0 0 0 0 0 0 0 0 1236 4 3 2 1 0 0 0 2 0 1 2 89 0 1 0 0 0 0 0 0 0 9 1 2 10 1 0 0 0 0 0 0 1 24 1 0 2
1 0 2 0 0 0 1 2 53 0 0 0 1 2 0 0 1 0 0 38 7 0 0 0 2 20 4 0 0 1 2 3 11 12 13 0 1 0 2 413013 143 126 125 0 5 0 0 0 2 0 0 0 1 0 2 5 0 1246 1243 0 3 2 1 0 0 0 0 0 1 2 81 5 4 3 1 0 0 0 0 0 6 0 1 0 8 3 1 0 0 0 0 0 0 28 32 35
0 0 0 0 0 2 9 10 52 1 0 0 0 0 0 0 0 0 1 34 2 2 0 0 0 22 0 0 0 0 0 1 2 3 0 0 0 0 0 413012 15 7 6 3 0 4 0 0 0 0 0 4 0 0 0 0 1256 1 0 0 3 2 1 0 1 0 0 0 0 1 74 1 0 0 0 0 2 2 0 0 0 3 0 1 0 0 1 0 0 1 1 0 0 0 1 1
0 0 0 0 1 3 0 1 38 2 1 0 0 0 0 0 2 18 28 2 1 1 0 0 1 4 29 1 1 1 0 0 1 2 7 0 0 0 235 412774 6 0 0 0 1 1 0 0 0 0 8 0 0 1 1460 1457 198 194 2 0 7 2 0 0 3 0 0 1 1 3 69 0 1 0 1 1 20 16 8 4 0 1 0 0 0 0 0 3 1 2 2 1 0 0 0 1
1 0 1 0 0 0 0 0 20 11 6 3 0 0 2 4 13 2 5 0 0 0 0 0 1 0 2 34 41 0 0 1 2 6 7 16 18 230 3 412773 4 3 1 0 0 0 0 0 1 1 0 9 1470 1467 3 0 2 0 189 17 13 0 0 0 5 1 1 2 0 1 63 42 39 38 30 24 1 0 1 2 2 0 0 0 0 1 1 1 6 3 5 1 0 0 0 0
2 1 10 6 2 0 0 0 18 1 1 0 0 0 1 4 2 0 0 4 1 0 1 0 0 0 0 0 1 43 0 1 2 3 4 5 205 3 2 412772 1 0 0 0 0 0 0 2 2 3 0 1486 4 3 0 1 1 169 0 2 1 1 0 1 6 10 5 1 0 0 16 3 2 0 5 0 0 0 0 1 0 0 0 0 1 1 4 2 40 45 56 7 3 1 0 0
24 18 3 1 1 0 0 3 12 0 0 0 0 0 0 0 0 0 0 0 0 0 1 5 1 0 0 0 1 46 0 1 2 3 4 194 3 2 1 412769 0 0 0 1 1 1 1574 1572 1568 1558 1548 1 0 1 0 0 0 166 1 0 0 0 0 28 25 4 2 0 0 1 9 6 0 0 0 3 2 1 0 0 0 1 1 0 3 2 5 28 0 2 0 66 0 0 0 0
0 0 1 0 0 0 0 1 2 5 0 0 1 3 1 0 0 0 0 0 0 0 1 0 8 2 0 0 0 49 0 1 2 178 184 3 2 1 0 412767 0 1596 1594 1592 1589 1584 5 0 5 2 0 58 0 5 4 0 0 164 0 0 0 0 30 0 0 0 0 0 0 0 1 0 4 0 2 1 0 0 0 0 0 1 2 2 4 12 20 0 0 0 0 69 2 0 1 0
2 1 0 0 0 0 0 0 0 2 0 0 8 0 0 0 0 1 1 1 2 0 3 0 52 3 1 0 1 53 1 161 170 3 4 2 1 0 0 411084 1681 82 79 1 1 0 0 2 4 0 0 37 18 7 2 2 8 5 147 1 0 34 1 0 0 0 0 0 1 2 1 0 0 1 3 0 1 1 0 0 1 1 2 3 4 5 0 0 1 2 0 0 75 0 2 714
1 0 0 0 1 1 0 0 0 0 0 0 1 10 1 0 2 2 0 2 21 31 38 40 0 60 0 88 96 154 158 6 0 2 3 1 0 0 411073 9 8 1 75 0 0 0 0 0 3 1 36 2 0 3 1 1 7 4 1 142 109 72 68 3 1 0 0 2 11 5 1 0 0 0 1 7 2 1 0 0 1 2 2 3 0 0 0 0 0 0 3 0 803 726 725 721
35 1 0 3 4 0 0 7 2 1 0 0 2 16 2 0 1 11 14 15 2 1 1 0 1 0 84 3 1 2 2 4 0 1 2 0 0 1 411070 0 1 5 0 74 0 1 0 0 1 0 33 0 0 2 0 0 6 3 0 3 27 1 2 62 0 1 28 23 7 1 2 0 0 0 0 13 2 1 0 0 1 2 6 15 0 0 2 1 816 813 811 806 0 4 3 2
3 28 15 8 0 0 0 8 0 1 0 0 0 2 23 1 1 0 0 0 0 0 0 0 0 3 17 2 0 1 1 1 1 0 1 0 0 24 411043 1 0 0 4 0 71 6 5 2 0 0 29 1 0 0 0 0 4 2 0 1 4 19 0 1 60 55 2 2 0 3 0 0 1 4 0 19 2 0 0 1 3 6 0 17 0 1 0 405988 405165 405164 9 8 7 0 2 1
0 7 3 0 1 0 0 10 4 0 0 0 0 0 2 26 0 0 0 0 0 0 0 0 1 2 13 0 0 0 0 0 0 0 0 1 3 20 411040 2 1 0 3 0 61 1 1 0 0 0 26 1 0 0 0 2 0 1 0 1 1 3 14 0 3 12 7 1 1 0 1 0 1 2 8 32 1 0 1 0 0 0 7 0 20 0 405997 4 0 0 405152 0 0 6 2 1
0 5 0 1 0 0 0 18 1 0 0 2 0 0 0 34 1 0 0 1 2 3 0 0 1 1 7 2 0 0 0 0 0 0 0 1 2 15 411036 2 1 0 2 55 0 0 0 0 0 1 21 2 1 2 0 0 0 0 0 0 0 1 9 3 2 1 9 6 0 0 0 0 0 1 2 41 4 0 0 3 0 2 8 0 0 406023 2 1 0 22 0 405126 11 3 2 1
1 4 1 2 0 0 1 23 1 0 0 5 1 0 0 36 0 0 2 4 9 2 1 0 0 2 1 1 0 0 2 2 0 0 1 2 3 11 411032 2 1 0 1 1 52 0 0 0 0 0 1 15 7 1 0 0 0 0 0 0 0 0 7 2 1 0 2 5 5 1 0 0 1 2 3 46 0 0 0 5 1 3 9 406029 406027 1 1 0 0 20 1 0 405110 0 1 0
0 0 0 0 5 1 0 29 1 0 0 1 8 3 38 1 0 0 0 0 18 2 1 0 0 0 0 0 0 1 6 15 1 0 1 2 3 2 411028 2 1 0 0 0 1 48 1 1 0 0 0 0 4 1 0 1 1 7 4 1 0 0 2 2 1 0 1 1 2 2 0 0 1 2 3 4 53 1 0 8 2 406079 406074 30 2 1 0 0 14 4 0 0 1 405106 0 1
1 0 0 0 0 8 0 33 1 0 0 0 1 11 47 1 0 0 0 2 23 0 0 0 0 0 0 0 1 2 1 1 20 1 0 0 1 0 0 411022 1 0 0 0 0 2 41 1 0 0 0 0 0 1 0 2 10 1 0 0 0 0 0 0 0 0 0 0 0 0 0 0 1 2 3 4 5 62 0 10 406085 0 2 23 2 1 0 1 11 3 0 0 1 405102 0 27
3 0 0 2 4 15 0 38 2 1 0 0 0 1 64 1 0 0 1 2 28 1 1 1 0 1 1 0 0 0 0 0 1 25 1 0 0 0 1369 0 409648 1 0 0 0 0 0 34 1 1 0 0 0 5 3 0 13 1 0 1 0 0 0 0 0 0 0 1 0 0 0 0 0 1 0 1 2 0 64 406106 4 0 1 3 18 0 0 0 10 2 0 2 9 1 405086 1
8 0 0 0 2 4 21 39 0 0 2 0 0 1 68 0 0 0 2 0 34 2 2 1 0 2 2 2 0 0 0 0 1 2 31 1355 1361 1368 0 8 409635 0 2 0 0 0 0 1 27 1 0 1 0 0 7 23 2 0 2 1 1 0 0 2 1 0 5 0 0 0 1 1 3 4 7 8 9 13 406187 0 3 3 0 2 14 1 0 0 8 1 0 1 5 0 405055 9
13 1 0 0 0 0 2 65 2 0 5 0 0 1 73 1 0 0 2 6 39 3 2 0 0 4 3 3 1 1 1 0 0 0 1353 1 2 3 3 1 0 409634 3 1 2 0 0 0 1 19 17 13 8 0 0 1 31 3 2 2 1 0 1 8 4 0 6 0 1 1 0 5 7 8 9 10 0 0 406191 2 2 1 0 1 2 10 0 0 6 0 0 1 2 17 0 405025
36 3 0 0 0 0 0 1 71 9 1 0 0 1 78 1 0 0 0 2 56 3 0 1 1 5 4 1271 1277 2 2 1 1 1315 3 0 1 2 2 0 31 5 409591 8 5 0 0 0 0 0 1 1 1 2 0 0 1 48 3 2 0 1 12 0 0 0 7 11 6 0 1 0 1 2 3 4 16 19 406195 0 1 1 0 0 1 7 0 3 0 0 0 1 15 0 0 405021
0 40 6 1 0 0 0 0 1 86 1 0 0 0 83 2 0 0 0 1 1 64 1 2 2 1256 1263 2 4 1287 1293 1298 1314 8 1 0 0 1 1 1 30 4 5 409575 2 1 1 0 0 0 0 0 0 0 0 0 0 2 57 7 3 0 13 0 1 27 17 2 0 2 0 0 0 1 2 3 0 406217 0 1 0 0 0 0 0 3 1 0 1 0 1 8 12 0 405012 3
1 1 44 54 1 1 0 1 2 92 1 0 0 1 86 2 1 0 0 0 0 2 72 1241 1246 2 0 1 3 3 1 1 3 5 1 0 0 0 0 2 27 3 4 1 409569 6 5 2 1 0 0 0 0 0 0 0 0 0 59 0 0 1 57 39 34 5 1 1 1 0 0 0 1 2 3 4 10 406221 2 1 0 0 0 0 0 0 0 0 0 1 5 1 2 0 405010 2
0 0 1 6 66 69 75 78 81 175 0 0 1 0 90 3 2 0 0 0 1 0 1 1164 0 0 0 0 2 2 0 0 2 2 1 0 0 0 1 15 7 2 3 0 6 409554 1 0 3 0 2 1 0 0 2 1 0 0 1 64 2 61 1 1 1 1 0 0 0 0 0 1 2 3 4 5 11 406223 0 0 1 0 1 1 0 0 1 0 0 2 0 0 1 2 8 404996
0 0 0 2 1 1 1 1 1 0 182 187 190 192 291 2 1 0 0 1 0 0 1 1163 0 0 0 0 0 0 0 0 0 0 0 0 0 5 14 5 0 1 2 0 5 5 409545 7 6 1 3 2 2 0 6 0 0 1 2 3 135 0 0 0 0 0 0 0 0 0 0 1 2 3 4 11 406239 2 1 2 0 1 2 2 2 2 0 0 0 0 0 1 2 3 0 404994
0 0 0 0 0 0 0 0 0 1 1 2 1 2 296 0 0 0 0 1 2 1 645 515 3 1 0 0 1 0 0 0 0 0 0 0 2 4 2 3 0 0 1 1 3 4 4 409531 16 15 14 9 5 0 7 0 1 0 0 1 141 2 1 0 0 0 1 1 0 1 0 0 0 1 2 15 406306 65 62 58 56 51 49 43 33 1 1 0 0 0 0 1 2 3 4 20
1 0 0 0 0 0 0 0 0 0 0 0 0 0 298 1 1 0 0 3 637 641 0 8 501 1 1 2 0 0 0 3 1 1 0 0 0 2 1 1 0 0 0 0 1 1 3 1 409511 2 1 0 0 0 8 1 2 1 0 0 144 1 0 0 1 1 4 1 0 0 3 0 1 0 1 406326 0 0 0 0 0 0 1 2 2 24 10 6 3 0 0 1 6 7 8 5
1 0 1 1 1 0 2 1 0 0 0 0 0 0 1 301 2 1 1 633 4 0 0 7 3 494 7 1 1 0 0 5 9 4 1 0 0 0 0 0 0 1 0 0 0 0 1 0 8 409498 5 4 3 1 9 2 5 0 0 1 147 0 1 0 2 2 7 0 1 0 5 1 0 2 3 406330 2 1 0 0 1 0 0 1 1 2 7 1 0 0 0 3 1 3 4 0
87 1 2 2 2 1 3 3 0 0 2 1 1 0 1 595 603 609 623 5 0 2 0 4 2 2 482 3 0 1 1 21 2 0 0 0 0 0 1 0 0 1 5 0 0 0 0 3 7 3 409487 24 23 22 21 10 6 1 1 2 148 0 2 1 3 3 8 1 2 1 6 2 0 1 6 406332 0 0 4 2 2 1 0 0 0 1 4 1 0 0 1 0 0 0 1 2
2 110 116 122 128 132 137 4 1 1 245 252 255 0 284 3 3 2 4 3 0 1 1 1 1 1 0 476 472 29 26 1 1 0 0 0 2 4 0 0 0 1 3 13 1 0 1 0 2 2 1 409459 14 13 12 11 10 9 6 0 149 1 3 2 4 4 9 2 3 2 7 3 1 0 406407 66 65 5 9 8 4 3 2 1 0 0 1 1 0 0 1 0 0 1 2 3
0 15 1 1 1 0 0 139 235 241 1 1 1 281 0 2 2 1 3 1 0 0 0 0 0 0 0 1 1 439 1 0 0 0 0 2 9 0 1 0 0 0 0 15 0 0 0 0 0 0 0 1555 407887 407881 407880 407877 407873 407871 407825 407824 407823 38 35 30 26 20 14 3 4 3 8 4 0 406414 2 0 0 56 39 6 5 4 3 2 1 0 0 0 0 0 1 8 11 14 15 16
13 0 0 0 0 0 1 2 84 2 0 0 0 22 1 1 1 0 1 0 0 0 0 0 0 0 0 0 0 38 397 0 0 0 0 17 1 0 2 3 0 0 2 4 27 29 37 38 0 0 0 1554 4 0 1 2 0 8 35 22 1 407631 407628 407625 407622 407619 407613 407609 407604 4 9 406424 406418 1 0 0 2 1 0 31 7 6 5 4 3 1 0 0 0 2 3 0 1 1 2 3
10 0 0 0 0 0 1 79 3 0 0 0 5 13 1 0 0 0 0 0 2 5 2 0 0 1 1 0 36 2 395 1 0 0 1 18 0 0 8 0 0 0 0 1 2 2 2 0 43 46 47 1552 0 2 0 1 0 6 11 21 0 1 1 1 1 4 2 3 1 407591 407586 1146 3 2 1 0 1 0 0 17 4 3 2 1 0 0 0 0 2 3 0 0 0 0 1 6
-9999 0 0 2 14 16 75 0 1 0 0 3 4 5 0 0 0 0 0 0 0 0 11 1 1 0 3 34 1 2 382 3 1 0 2 23 2 0 9 3 1 0 0 0 0 1 1 1 0 0 53 1496 1 0 1 0 0 4 1 8 20 0 0 0 0 3 1 2 0 3 3 2 1138 1136 0 1 0 0 0 11 3 2 1 0 0 0 1 0 0 1 5 0 0 1 2 3
-9999 -9999 -9999 9 0 1 52 2 1 0 1 1 1 2 0 0 0 3 0 0 0 0 0 15 18 21 26 0 0 1 1 379 2 0 29 1 0 0 17 0 0 0 0 0 0 0 0 0 1 2 3 1493 2 1 0 0 1 1 0 1 5 19 16 12 0 2 0 1 0 1 2 1 0 0 1133 2 1 0 0 1 6 1 0 1 0 1 3 0 0 1 10 1 0 0 0 4
