Summer_School_UNIBAS_SpatialEcology_Matera_2016/GFI/1/INPUT_calibration/flowacc_rit.txt
ncols        568
nrows        686
xllcorner    376209.518809247350
yllcorner    4202368.533232135700
dx           90.037702082453
dy           90.005760368660
NODATA_value -9999
[rows 484 to 527 of 686, columns 192 to 287 of 568]
0 0 1 0 0 121 4 3 2 1 0 0 1 4 0 0 0 0 0 1 2 26 371034 2 0 4 6 0 0 0 0 3 14 0 0 4 0 0 0 0 15 27 2 1 0 0 1 4 1 0 1 0 0 0 0 1 1 0 0 0 0 0 1 2 5 1 0 0 1 0 0 0 0 0 104 2 1 0 0 0 0 1 0 10 0 0 0 0 1 0 1 2 306 1 1 0
0 1 2 20 22 92 1 0 0 1 0 0 0 1 0 0 0 2 0 1 2 45 370957 0 1 1 1 4 2 0 0 1 9 2 1 0 2 0 1 2 10 21 1 0 0 10 8 0 0 1 7 3 1 0 0 0 0 0 0 0 0 0 0 0 0 1 0 0 0 0 0 0 0 0 1 108 0 0 1 1 3 1 0 0 7 2 0 0 0 0 1 16 24 275 269 1
1 0 14 1 0 88 0 0 3 3 1 0 0 0 1 0 1 3 7 8 9 41 370955 0 0 0 0 0 0 0 0 0 6 1 0 0 1 0 1 7 1 1 18 15 14 1 0 0 0 11 3 1 0 0 1 0 0 0 2 2 1 0 0 0 0 0 1 0 0 0 2 2 0 1 2 117 1 0 0 13 3 0 0 0 0 1 0 0 2 7 13 3 2 0 3 264
0 3 8 0 0 1 84 12 7 2 1 0 0 0 1 5 9 14 16 17 22 30 370953 2 0 0 0 0 0 0 0 0 0 2 1 0 0 0 1 2 0 0 0 0 0 0 0 0 14 7 0 0 0 0 3 1 1 0 4 6 0 0 1 0 1 4 4 2 0 0 1 10 11 1 0 121 1 0 0 19 3 0 0 0 1 0 0 0 2 2 1 2 1 0 1 1
1 4 1 0 0 0 69 1 0 2 1 1 0 0 0 1 3 0 0 3 3 6 370949 2 1 1 1 0 1 2 0 0 0 0 0 0 0 0 0 0 0 0 0 0 0 2 32 30 28 1 1 0 0 1 7 0 0 3 16 2 0 0 2 3 2 12 1 0 0 0 1 0 1 15 18 144 2 0 0 22 0 1 0 3 1 0 0 0 0 0 0 1 0 0 0 3
1 0 0 0 0 1 64 0 19 15 14 9 2 0 0 1 0 0 1 2 1 1 4 370940 2 0 3 0 2 4 1 0 2 1 1 0 0 2 1 0 0 0 1 1 44 38 4 2 1 0 0 0 0 1 11 0 5 21 1 0 0 0 1 3 26 1 0 1 0 0 0 0 0 0 0 147 0 0 24 0 0 0 1 7 0 0 0 1 0 1 0 0 0 1 2 0
0 0 0 0 0 2 8 52 2 1 0 1 4 1 0 0 0 0 1 0 0 1 1 4 370931 1 5 0 3 7 0 1 3 2 2 1 1 3 2 1 1 1 2 47 1 0 0 0 0 0 0 0 1 3 54 38 24 1 1 0 0 0 1 4 29 1 0 0 4 0 0 4 0 0 2 153 0 1 28 1 0 0 11 0 0 1 1 2 5 1 0 0 0 0 0 0
0 0 2 0 0 1 2 25 2 1 0 0 0 0 0 0 0 1 0 0 0 0 0 1 61 370866 6 6 4 8 1 2 4 3 3 2 2 4 3 2 2 2 3 51 0 0 0 0 0 0 0 1 3 62 0 1 6 1 0 0 0 1 0 35 2 1 0 0 8 0 0 6 0 0 1 0 192 33 1 0 0 0 14 0 1 2 2 12 2 1 0 0 1 1 1 1
1 3 2 0 0 1 0 21 2 1 0 0 0 0 1 1 0 2 6 1 0 0 0 1 60 1 370863 370839 370835 370830 370817 366099 366095 366089 366084 366079 366075 366036 366030 366025 366019 366012 57 0 1 1 1 0 0 1 1 3 69 1 1 0 2 0 0 0 1 3 2 40 1 0 0 11 0 0 0 1 8 0 0 1 195 0 1 0 0 1 60 42 39 36 30 8 5 1 0 0 2 8 21 24
10 5 1 0 0 0 1 11 7 2 0 0 3 0 3 2 0 0 1 9 3 0 2 55 1 0 8 2 3 2 1 4712 4710 4708 1 0 1 32 0 1 2 0 365949 365941 5 2 3 0 1 2 2 79 2 0 0 0 0 0 0 0 1 2 7 43 1 0 0 0 14 0 0 0 3 9 1 326 0 0 0 0 0 68 2 0 1 1 1 2 1 2 0 0 2 3 3 1
24 7 4 1 0 0 6 1 2 0 0 0 1 7 8 1 0 0 1 2 15 39 42 8 0 3 3 1 2 1 0 0 0 0 4705 1 0 0 29 0 1 1 4 3 365930 365927 4 1 2 3 85 1 1 0 0 0 0 1 0 0 0 1 5 61 0 0 0 1 17 1 0 0 0 4 344 2 126 1 0 1 74 0 0 0 0 0 0 0 0 0 0 0 0 1 2 0
6 1 1 1 0 0 3 0 0 0 0 0 0 0 18 3 0 0 0 1 9 8 1 1 5 2 2 0 1 0 1 2 0 4699 1 0 0 1 27 0 0 0 3 2 1 4 365916 6 0 94 3 0 0 0 1 1 3 0 1 1 0 1 2 62 1 0 1 2 18 3 0 0 1 351 0 1 1 123 110 108 0 2 1 0 0 0 0 0 0 0 0 0 0 0 0 0
4 0 0 0 0 0 1 0 0 0 1 0 1 0 20 5 0 0 3 8 2 4 0 0 4 1 0 0 0 0 0 1 5 4697 1 0 0 2 6 14 0 0 1 1 0 3 14 365893 97 1 0 1 0 0 3 2 5 0 4 0 0 0 0 560 490 489 487 481 473 450 1 1 2 354 0 0 0 2 8 3 25 20 19 10 9 3 1 1 1 0 0 2 0 0 0 0
2 0 0 0 2 1 0 0 1 4 0 0 2 6 27 1 0 0 1 1 1 2 0 0 2 0 0 0 0 0 0 1 2 4688 1 0 0 0 5 11 0 0 0 1 2 13 2 365794 2 1 0 0 0 0 0 8 17 0 0 6 0 1 1 566 4 1 2 3 2 1 441 433 427 3 0 0 0 0 7 2 1 1 5 1 0 1 0 4 1 0 0 2 4 1 1 0
0 2 4 14 6 0 0 0 2 11 0 0 0 0 37 3 0 0 0 0 0 0 0 0 0 0 1 1 2 1 0 1 2 3 4682 1 0 1 2 1 8 0 0 0 12 1 0 1 365785 5 4 2 0 0 2 3 18 0 1 7 1 2 571 1 1 0 1 2 1 0 6 2 1 62 1 0 0 0 5 1 0 0 3 0 0 0 0 9 1 0 0 1 6 15 2 1
0 0 2 3 16 0 0 0 0 1 14 0 0 0 1 45 1 0 0 0 0 0 0 0 0 0 0 2 5 2 0 0 1 4672 2 1 0 0 1 0 2 3 0 1 8 0 0 1 365778 1 0 1 0 0 0 0 671 646 644 638 626 577 1 0 0 0 0 1 0 1 3 1 0 1 59 2 0 0 2 0 0 0 0 0 0 0 0 11 3 0 0 0 0 1 19 5
0 1 0 1 21 1 0 0 0 1 18 1 0 0 1 3 53 3 1 0 0 2 1 1 0 1 1 1 9 3 1 0 0 4669 3 2 1 0 0 0 0 2 0 1 5 0 1 365036 738 4 3 0 0 0 1 3 674 1 2 2 1 43 30 1 0 0 0 0 0 0 1 0 0 0 54 1 0 0 0 0 0 0 0 0 2 0 0 1 23 5 2 0 0 0 1 22
0 1 2 3 29 2 0 0 1 2 23 1 0 0 0 1 60 2 1 0 0 1 5 2 0 1 4 541 546 566 570 0 0 4663 1 0 0 0 0 0 0 0 0 4 0 1 2 365031 732 1 0 1 0 0 1 683 1 0 1 1 0 3 7 27 3 1 0 0 0 0 0 1 7 10 36 2 1 0 0 0 1 1 0 2 3 1 0 30 3 1 0 0 0 0 0 1
0 0 1 2 36 1 0 0 2 3 27 3 0 0 0 0 2 65 0 1 0 1 4 9 0 3 538 3 3 0 9 586 590 3 4065 1 1 1 1 0 0 0 0 2 0 1 2 365027 0 728 726 721 1 1 0 685 0 0 0 0 0 1 2 3 22 3 1 1 0 0 1 4 1 0 7 27 22 3 0 5 0 0 3 5 13 2 32 3 1 0 0 0 1 0 0 1
0 1 0 0 42 0 0 0 0 1 34 5 1 0 0 0 0 70 2 0 0 1 0 5 524 532 0 2 2 0 7 3 1 2 0 4061 2 2 1 0 2 0 0 0 1 0 1 365023 0 0 1 1 716 693 690 2 1 0 0 0 0 0 0 2 1 15 12 5 1 0 0 0 0 0 4 1 1 17 10 1 0 0 1 2 3 14 42 0 0 0 0 3 0 0 2 3
3 0 2 4 43 1 0 0 1 2 3 43 1 0 1 0 0 72 3 1 1 0 2 512 3 0 0 1 1 0 5 2 0 1 0 4055 35 16 12 7 3 1 0 0 1 4 11 365019 1 0 0 0 0 20 17 8 7 6 4 2 1 0 0 0 0 1 1 1 1 0 0 0 0 0 2 0 0 1 3 1 0 0 1 2 0 64 0 0 0 0 0 6 0 0 0 1
10 20 21 25 77 1 0 1 0 0 0 50 2 1 2 1 0 409 417 423 2 1 500 9 2 2 1 0 0 2 1 1 0 0 0 4016 13 0 0 2 1 0 0 0 1 5 3 365004 0 0 0 0 0 0 1 5 2 1 0 0 0 0 0 0 0 0 0 0 0 0 0 2 2 0 0 0 0 0 0 0 0 0 2 4 10 77 0 1 0 1 0 12 2 0 0 1
2 0 2 0 3 84 1 2 1 1 0 239 294 313 320 327 331 2 2 2 425 430 53 1 3 1 0 0 1 0 0 0 1 2 4013 0 0 12 10 7 6 3 0 0 2 2 4 0 364992 4 2 0 0 0 0 0 0 0 0 2 0 1 1 2 0 0 0 0 0 2 1 8 1 0 0 0 0 0 0 0 0 0 0 1 1 3 82 1 0 0 3 14 0 0 0 0
0 0 0 0 0 0 88 3 231 235 238 2 10 1 2 3 2 1 1 1 0 0 47 4 0 2 1 0 0 0 1 2 3 4 4008 1 0 0 0 0 0 0 0 0 1 3 0 1 7 364978 5 4 1 0 0 0 0 1 1 3 1 2 5 1 0 1 1 1 0 20 13 3 1 0 0 1 1 2 2 1 0 0 0 0 0 0 88 1 0 0 5 15 0 1 0 1
0 0 0 0 0 0 0 228 1 0 1 1 9 0 1 2 1 0 0 0 0 1 44 6 3 2 1 0 0 0 1 2 3 4 4000 1 0 0 0 0 0 0 0 0 1 0 0 1 2 13 364957 364950 2 1 1 1 1 2 2 4 2 3 8 0 1 2 2 2 22 2 1 0 0 0 0 1 4 20 13 8 5 2 0 0 1 2 94 1 0 0 1 22 0 3 1 375
6 9 1 0 2 94 106 25 0 0 0 0 3 4 0 1 0 0 0 0 1 25 1 8 5 2 1 0 1 0 1 2 3 4 3992 0 1 0 2 12 11 6 2 0 0 0 0 1 12 4 0 43 364902 364898 364891 364886 364871 364866 13 9 3 4 9 1 2 3 3 3 29 2 1 0 0 0 2 2 30 3 1 1 0 0 0 0 3 5 6 99 0 0 4 23 393 385 382 1
3 0 17 88 90 3 4 21 1 0 1 0 1 2 0 0 0 1 3 5 19 2 0 1 5 1 0 0 2 0 0 0 1 2 3985 2 0 1 20 3 1 1 1 0 0 1 3 10 0 3 42 1 0 5 1 11 1 2 364845 364839 364772 364769 364760 364746 13 9 4 34 1 0 0 0 0 1 4 36 1 0 0 0 0 0 0 1 0 0 1 110 0 0 426 420 1 1 3 0
0 5 62 3 0 2 3 1 18 5 0 0 0 0 0 0 1 4 6 8 3 0 0 0 0 3 2 0 0 4 1 3 4 5 2828 1149 3 21 1 0 0 0 0 0 0 1 4 0 2 0 40 0 2 1 0 10 0 1 4 65 1 2 2 3 364725 364717 364714 364710 4 1 1 0 0 3 42 3 2 0 0 0 1 0 0 0 0 0 1 113 0 455 26 1 0 0 0 2
2 58 2 1 0 1 2 0 5 5 1 0 0 0 0 0 0 0 0 0 1 0 0 1 0 1 0 0 0 1 7 11 13 15 2821 2 1141 25 0 0 0 0 0 0 0 0 0 1 0 1 37 0 1 0 7 1 0 3 7 56 0 1 1 2 6 1 2 1 364667 0 3 0 1 4 49 1 0 0 0 4 1 0 0 2 4 1 2 114 462 4 2 23 2 1 0 0
48 5 0 0 0 0 1 0 3 2 1 0 0 1 2 1 0 0 0 0 0 0 0 1 7 3 2 0 0 1 2 0 0 0 2804 1 4 1109 1 1 0 1 1 2 0 0 0 0 1 29 5 1 0 0 5 0 2 3 2 54 0 0 0 1 5 0 1 0 0 364664 4 3 5 54 3 2 1 0 0 8 1 0 0 0 1 7 11 581 2 0 1 2 16 10 7 3
2 19 4 3 2 1 0 0 1 1 0 0 2 3 3 3 0 1 5 3 0 0 0 1 14 1 0 0 0 0 1 0 0 0 2802 0 3 1106 3 0 1 17 12 8 3 0 0 1 2 26 2 1 0 0 3 1 1 0 1 0 52 0 0 3 0 0 0 1 4 288 364369 364366 64 2 1 0 0 0 0 11 3 2 0 0 1 2 601 3 1 1 0 1 1 2 1 1
1 3 14 2 1 0 0 0 0 0 1 0 1 5 14 15 9 6 0 0 0 1 0 0 19 0 0 0 2 0 0 2 1 1 2800 0 2 0 1100 24 21 2 1 0 2 0 0 1 5 22 3 1 0 0 1 0 0 0 0 1 48 0 1 0 0 0 0 1 280 1 1 3 364292 0 0 1 1 0 0 1 20 0 0 0 0 1 603 0 0 0 0 0 0 0 0 0
0 1 7 2 1 0 0 0 0 0 1 5 9 10 11 43 0 0 1 1 3 0 0 2 20 1 0 0 4 0 1 1 7 2797 1 0 1 0 1 1072 3 2 1 0 0 0 0 2 1 7 1 0 0 0 0 0 0 0 0 43 1 0 0 0 0 1 3 277 1 0 0 2 3 364286 2 2 1 0 0 0 24 0 1 0 1 608 2 1 0 0 0 0 0 0 1 0
0 0 0 4 0 0 1 1 1 0 0 1 0 0 6 8 46 0 0 4 6 0 0 0 26 1 0 0 1 5 1 4 2792 2 1 0 0 1 2 1067 2 1 0 0 0 0 0 0 1 1 2 0 0 1 2 5 0 1 1 41 1 0 0 0 2 4 269 2 0 0 1 2 4 7 364273 2 3 1 0 0 1 28 0 0 1 614 0 0 0 2 0 1 1 5 1 0
1 0 0 0 1 0 0 2 5 0 0 0 3 4 0 0 57 1 0 6 7 0 0 1 30 3 1 0 0 3 6 2780 6 2 1 0 0 1 4 10 1049 2 1 1 0 1 0 0 0 0 0 0 0 2 4 6 15 19 31 4 0 0 0 1 2 3 259 0 0 0 1 3 0 1 3 364262 2 1 0 0 0 31 1 0 1 616 39 37 35 34 28 13 10 3 2 0
9 2 0 0 0 1 1 0 12 0 0 0 0 0 0 1 2 93 94 103 9 0 1 0 1 37 1 0 0 1 2765 1 0 2 1 0 0 1 1 2 5 1039 2 1 0 2 2 0 0 0 1 0 0 0 0 0 2 3 4 1 0 0 2 6 7 255 0 1 0 0 0 1 0 1 2 364254 2 1 0 0 1 33 2 1 2 669 11 9 7 0 0 11 5 2 0 0
0 11 5 0 7 3 0 0 13 1 0 0 1 2 4 5 25 3 2 3 119 3 0 0 0 41 3 0 0 1 2751 7 6 1 0 0 0 0 1 1 2 2 1032 3 0 6 1 0 1 3 1 0 0 0 0 1 0 1 2 0 0 0 1 0 1 240 2 1 0 0 0 0 1 4 11 17 364232 1 0 0 1 738 701 697 692 11 8 0 0 5 0 2 1 1 0 0
1 0 19 11 2 1 0 0 18 1 0 0 1 3 5 16 1 2 1 0 2 128 1 1 0 2443 2450 1 0 0 2740 1 0 3 0 0 0 0 0 1 1 3 8 1018 11 2 0 3 8 3 0 0 0 1 1 0 0 0 0 0 0 0 0 1 2 239 1 0 0 1 0 0 1 5 1 4 364229 1 0 1 744 2 1 1 6 0 0 7 2 1 1 0 0 0 0 0
0 3 43 5 2 0 0 0 22 1 0 0 0 0 4 4 0 1 0 1 0 3 135 140 0 2399 2 2458 2460 2469 267 2 1 0 1 0 1 0 0 0 2 0 2 7 997 995 16 11 1 0 0 1 1 0 4 3 0 0 0 0 1 0 0 1 2 233 0 0 1 4 0 0 4 0 1 2 6 364219 1 755 7 6 0 0 0 4 2 1 1 1 0 0 0 0 0 0
2 0 47 2 1 0 0 3 4 31 1 0 0 0 2 2 0 0 0 0 2 1 0 1 2398 0 1 3 2 3 263 2 1 0 0 0 1 3 0 0 0 1 4 1 0 974 1 0 0 0 0 3 2 0 6 5 0 1 1 0 3 1 0 0 1 2 225 17 14 5 2 0 1 0 1 2 2 7 364208 0 1 0 5 2 0 0 0 0 0 0 0 0 1 3 0 0
0 52 2 1 1 0 0 1 3 4 35 2 0 0 0 0 0 0 0 0 0 0 1 0 2252 1 0 2 1 2 3 255 2 1 0 0 3 7 1 0 0 0 2 0 1 1 969 1 1 0 1 4 3 1 18 4 2 0 2 0 6 2 0 1 2 3 205 1 0 2 1 1 0 0 1 1 0 3 0 363449 1 0 0 0 0 0 0 0 0 0 0 0 1 11 1 0
2 58 1 0 0 0 0 0 1 2 44 4 0 0 0 0 0 1 0 1 0 0 0 3 2248 2 0 1 0 1 2 6 244 1 0 1 4 11 2 1 0 0 0 0 0 1 4 961 2 1 69 66 55 22 2 1 0 0 4 0 0 11 1 0 1 170 0 26 0 0 0 0 0 0 0 0 1 0 11 363444 0 0 0 0 1 1 0 1 2 0 0 1 2 0 14 1
66 3 1 0 0 0 0 0 0 1 2 52 1 1 0 1 0 1 4 1 2 1 1 2244 3 1 1 0 0 1 2 2 239 1 0 2 23 5 3 1 0 0 0 0 0 0 1 0 956 71 0 2 1 25 1 0 0 1 4 6 0 0 12 2 164 0 1 23 0 0 0 1 0 0 1 2 3 6 9 3 363426 1 1 1 4 0 3 3 1 0 1 0 0 0 2 18
1 0 0 0 1 1 1 0 0 1 2 60 0 2 1 2 0 1 2 8 11 17 2235 1 0 0 0 0 0 1 1 4 0 232 3 27 2 1 0 0 0 0 3 1 0 0 1 2 881 1 0 1 0 3 18 0 0 0 1 19 21 0 1 163 1 0 0 1 20 8 4 1 0 0 1 0 1 0 0 2 0 363422 5 2 5 5 4 2 1 0 2 1 1 0 1 0
