Summer_School_UNIBAS_SpatialEcology_Matera_2016/GFI/1/INPUT_calibration/flowacc_rit.txt
ncols        568
nrows        686
xllcorner    376209.518809247350
yllcorner    4202368.533232135700
dx           90.037702082453
dy           90.005760368660
NODATA_value -9999
[rows 176 to 219 of 686, columns 288 to 383 of 568]
0 0 0 0 79932 4 3 2 0 0 0 157 2 1 0 0 1 4 7 1 0 0 1 0 0 0 0 0 0 63 70 262 188 4 3 0 0 2 3 1 0 0 3 1 0 1 0 0 0 0 38 3 0 1 0 0 0 0 1 2 6 40 26 1 0 3 0 0 3 7 13 1 0 0 0 28 2 1 0 0 1 3 5 9 35 5 0 0 0 0 0 2 8 0 0 0
1 0 0 1 79926 5 2 1 0 0 1 149 2 1 0 0 0 2 2 1 0 0 0 1 1 1 0 1 59 2 1 1 1 180 0 0 0 8 3 0 0 0 5 2 3 0 0 1 1 23 1 6 1 0 0 0 0 0 1 5 9 0 1 22 19 1 0 0 0 0 3 0 0 0 0 26 2 1 0 0 1 4 5 17 6 2 1 0 0 0 0 1 12 1 0 0
99 1 0 79919 6 4 1 0 0 0 1 146 1 0 0 0 0 0 0 0 2 0 0 2 7 2 0 1 53 1 0 0 0 174 1 0 1 13 0 1 0 0 1 17 3 0 0 1 17 1 0 1 3 0 0 0 2 0 1 0 8 0 0 1 5 5 0 0 0 0 0 0 0 1 7 4 8 1 0 0 1 1 5 4 0 4 1 0 0 2 0 0 18 1 0 0
0 103 79896 12 10 0 3 2 0 0 2 3 137 4 2 0 0 0 0 4 0 0 0 0 1 10 15 51 1 0 0 0 1 0 168 99 96 76 2 1 0 0 21 3 1 0 0 3 12 1 0 0 0 0 0 1 5 0 0 0 1 3 0 0 0 3 3 0 1 0 0 0 0 3 2 0 2 2 0 0 0 0 1 2 0 0 2 0 1 4 0 0 25 2 0 0
0 79892 1 0 0 9 3 0 0 0 1 2 131 2 1 0 0 2 9 2 0 0 0 0 2 3 48 3 0 0 0 4 7 66 0 0 0 1 71 68 1 1 27 0 0 0 0 0 3 0 0 0 0 0 0 1 9 0 0 0 0 0 0 0 0 0 0 0 0 4 0 0 1 0 0 0 0 0 1 0 0 0 0 0 0 0 0 1 5 6 0 0 29 1 0 0
79778 8 3 2 0 2 1 1 0 0 0 1 124 2 1 0 1 16 2 0 0 0 2 0 0 4 18 1 0 0 2 1 1 0 54 1 0 0 1 3 59 32 3 2 1 0 0 0 0 0 0 0 5 0 0 2 13 0 5 1 0 0 0 1 0 1 0 0 0 7 0 1 0 0 0 0 0 0 0 4 0 1 0 0 0 0 0 0 1 17 0 0 31 1 0 0
52 3 2 0 0 0 0 0 0 0 0 2 2 112 3 2 19 1 0 0 0 0 4 0 0 1 15 1 0 0 0 0 0 1 45 3 1 0 0 1 2 20 3 1 0 0 0 1 0 1 0 0 7 0 0 0 28 8 1 0 0 0 1 3 3 0 0 0 1 10 12 6 1 0 0 2 12 16 20 30 34 1 1 0 1 1 0 0 1 18 0 0 34 0 0 0
51 1 0 0 0 0 0 1 2 0 0 1 5 2 98 21 0 0 0 0 0 2 6 0 0 0 1 11 1 0 0 0 1 42 1 0 0 0 0 1 0 13 0 0 0 1 1 2 0 4 0 0 9 0 0 2 32 2 0 0 0 2 2 0 8 1 0 1 30 26 0 2 2 0 6 8 1 1 0 1 1 39 3 0 2 4 0 0 0 2 20 0 36 2 1 1
6 41 0 0 1 13 11 7 2 0 0 2 1 1 0 74 1 0 2 0 0 4 8 1 0 0 1 5 0 0 0 1 2 39 10 3 2 0 0 0 1 9 0 0 0 1 7 0 0 7 1 0 11 1 0 36 1 0 0 0 0 8 0 0 11 2 43 41 5 1 0 1 1 1 0 0 0 0 0 0 0 1 46 5 0 5 0 0 1 1 24 0 41 5 2 1
5 0 38 25 22 5 3 0 0 0 0 0 0 0 0 2 68 7 2 0 1 14 4 1 0 0 0 2 0 0 1 3 22 1 1 3 0 0 0 2 6 0 0 0 2 0 10 1 0 0 10 0 13 0 3 41 1 0 0 0 1 0 10 0 0 61 1 1 1 0 0 0 0 0 0 0 0 0 0 0 1 2 50 6 0 6 1 135 142 148 153 180 229 0 2 0
4 2 2 4 1 0 0 0 0 0 0 0 0 0 0 1 2 54 46 0 33 30 8 4 0 0 0 0 0 0 9 16 0 0 0 0 0 0 0 0 0 0 0 1 4 13 27 1 0 0 13 1 14 1 49 2 1 0 0 2 0 2 92 79 75 9 0 0 0 0 0 0 0 0 1 1 0 3 1 0 0 0 1 111 117 128 131 1 1 2 3 2 5 245 1 0
3 1 1 2 0 0 0 0 1 3 0 0 1 2 0 0 0 1 4 44 6 1 0 2 2 0 0 0 1 6 1 2 0 0 0 0 1 0 0 0 0 0 0 0 0 2 0 33 1 0 0 16 215 199 144 0 0 0 1 3 1 99 0 1 1 2 4 2 0 0 5 1 0 0 4 7 0 0 4 35 36 42 49 0 3 2 1 0 0 1 2 1 1 2 250 1
1 0 0 0 0 0 1 1 7 0 0 0 3 5 1 0 0 0 2 2 2 0 0 0 0 3 0 0 1 0 0 0 0 0 3 1 6 2 0 0 3 2 0 0 0 0 1 1 41 1 1 235 1 1 5 136 132 124 122 116 104 0 1 0 0 0 0 0 0 0 7 2 0 0 3 4 18 24 31 1 3 1 2 0 2 0 0 0 0 1 0 0 0 0 1 251
0 0 0 0 0 0 6 10 1 0 0 1 11 1 0 0 0 0 0 1 0 0 0 0 5 0 0 0 0 0 0 0 0 0 1 16 0 1 0 0 2 10 2 0 0 0 0 0 2 44 241 1 0 0 4 2 2 2 2 4 1 0 0 0 0 0 0 0 0 0 12 0 0 0 0 3 1 1 0 0 0 0 0 0 0 0 0 0 0 0 2 3 0 0 0 253
0 0 2 1 0 1 20 1 0 0 0 1 16 0 0 2 0 0 0 0 0 0 0 12 2 0 0 2 1 1 1 2 0 0 0 1 20 0 0 0 0 1 16 3 0 0 0 0 0 289 0 0 0 0 2 1 1 1 1 2 0 0 0 1 2 1 1 3 0 0 1 16 0 0 0 1 0 0 0 0 0 0 0 0 0 0 2 0 0 0 0 1 5 0 0 257
0 1 4 2 1 23 0 0 0 0 2 2 51 0 4 6 4 2 0 0 1 1 1 14 0 0 0 1 6 13 3 2 0 0 1 2 23 1 0 0 0 1 2 22 0 0 2 0 0 292 1 0 0 0 1 0 0 0 0 0 0 0 1 4 10 11 8 1 0 0 1 21 1 0 0 0 0 0 1 1 2 0 1 2 0 0 5 2 0 0 0 1 7 7 0 1
0 0 2 8 29 1 1 0 1 0 62 54 0 31 28 3 2 1 0 0 2 5 27 1 0 0 0 0 0 2 25 0 0 0 5 9 24 1 2 0 0 1 2 27 0 0 2 4 1 308 12 8 7 2 0 0 0 0 0 1 0 0 1 0 28 0 2 1 0 0 1 26 1 2 0 0 2 4 8 13 19 1 2 4 0 0 1 10 1 0 0 2 1 22 23 24
0 0 5 40 0 0 114 111 106 103 1 0 0 1 4 6 4 2 0 0 1 3 33 0 0 1 2 0 0 0 27 2 0 0 0 2 41 3 1 0 0 1 3 36 0 0 1 3 319 1 1 2 0 0 0 0 1 8 2 1 0 0 1 3 1 35 0 0 1 0 0 28 5 1 0 0 0 1 1 1 3 26 8 1 0 0 0 18 1 0 0 0 1 1 1 2
0 0 49 0 0 115 2 0 1 34 1 0 0 0 1 1 0 0 0 0 0 1 3 34 10 8 1 0 0 1 3 31 0 0 0 0 52 2 0 0 0 0 0 38 0 0 0 328 0 0 0 0 1 0 0 0 0 15 4 1 0 0 0 0 0 1 43 2 0 0 0 1 39 1 0 0 0 0 0 0 1 3 50 1 1 0 0 20 1 0 0 0 0 0 1 2
0 0 51 0 1 120 0 1 0 0 32 3 1 0 0 0 0 0 0 0 0 0 1 54 1 0 0 0 0 0 0 38 1 0 0 0 2 54 2 1 0 0 1 3 40 0 1 350 1 0 4 3 1 0 1 0 1 18 2 1 0 0 2 0 0 1 51 4 2 0 0 1 0 43 0 2 0 0 0 0 0 1 5 57 1 0 0 22 3 3 1 0 0 0 0 1
225 223 168 165 126 4 3 0 0 0 4 21 16 2 0 0 0 0 2 1 0 0 0 58 1 0 0 1 1 0 0 1 44 1 0 0 0 1 69 4 0 0 0 0 5 402 359 2 18 10 3 1 0 0 5 0 0 24 0 0 0 0 0 4 0 1 57 2 1 0 0 1 5 44 6 2 0 0 2 0 0 0 1 1 61 0 0 0 33 1 0 0 1 0 0 1
0 0 1 1 33 1 0 1 0 0 2 0 2 12 9 2 0 0 1 8 0 0 0 62 1 0 0 4 5 0 0 1 51 1 0 0 0 0 2 71 0 1 0 0 414 3 1 0 1 6 0 0 0 0 6 0 0 26 1 1 0 0 1 6 0 1 2 59 0 0 0 0 1 63 2 1 0 0 5 1 0 0 0 1 1 67 1 1 36 1 0 0 3 1 0 1
2 1 0 0 26 3 2 1 0 0 0 0 0 0 0 4 0 0 3 14 2 0 0 64 0 0 0 14 1 0 0 1 58 3 1 0 0 1 0 75 0 2 1 0 418 0 2 0 0 0 4 0 0 1 9 0 0 2 34 1 0 1 0 9 0 0 4 60 4 2 0 0 1 68 1 0 0 0 1 8 4 0 0 0 1 2 73 114 0 0 0 0 2 6 0 1
1 0 0 0 0 23 0 0 0 0 0 0 0 0 0 0 1 0 0 1 18 22 24 90 1 1 18 1 0 0 0 1 4 59 1 0 0 0 1 0 78 3 0 427 4 1 0 1 0 0 0 0 0 14 1 0 0 0 3 41 1 2 0 12 0 0 1 73 2 1 0 0 1 72 0 1 0 0 0 1 14 1 0 0 1 1 3 125 1 1 0 0 0 10 0 0
1 0 0 0 0 21 6 4 2 0 0 2 5 2 0 0 0 0 0 0 1 3 6 7 125 21 1 0 0 0 0 1 0 9 73 0 1 0 0 1 2 86 1 429 0 3 1 0 0 0 0 0 0 18 1 0 0 1 0 2 48 3 1 14 0 0 0 1 81 1 0 0 1 78 2 4 2 0 0 0 19 1 0 0 0 0 0 2 127 5 1 0 0 1 11 13
29 1 0 1 0 12 9 6 4 1 0 0 2 15 1 0 0 0 1 0 0 1 0 4 131 2 1 0 0 1 0 0 0 1 1 77 3 0 0 0 0 1 524 2 1 0 0 1 1 0 0 1 1 19 2 0 0 0 0 0 0 56 59 18 1 0 0 1 83 0 0 0 2 90 7 1 0 0 1 3 23 1 0 0 0 0 1 0 1 137 1 0 0 1 2 724
3 22 18 12 7 4 1 1 0 1 0 0 0 19 1 0 0 2 3 0 0 0 2 1 4 136 0 0 0 3 3 0 0 0 2 4 92 94 1 1 0 0 528 1 0 0 0 4 1 0 0 3 2 25 4 1 0 0 1 0 0 0 2 82 1 0 0 0 89 2 0 0 0 95 2 1 0 0 1 2 31 4 1 0 0 1 0 0 0 1 140 1 1 0 5 730
2 2 1 2 1 1 1 0 0 0 0 0 0 1 21 0 0 8 1 0 0 0 0 1 1 144 2 0 1 12 2 0 0 1 0 3 0 0 97 0 2 1 557 27 26 24 23 15 2 0 0 0 7 8 45 49 0 1 3 0 0 0 0 2 89 0 2 98 4 2 0 0 1 98 2 1 0 0 1 2 3 38 0 1 1 0 3 0 0 0 144 2 2 752 750 3
0 1 0 0 0 0 0 0 0 1 3 0 0 1 25 0 10 3 0 0 1 0 0 0 0 1 153 2 16 2 0 0 0 1 2 0 2 5 7 99 3 575 14 8 5 4 1 5 4 2 0 0 0 1 2 0 52 6 1 2 0 0 1 0 0 92 104 1 1 0 0 0 0 103 2 1 0 0 1 2 3 47 2 2 0 0 5 1 0 0 1 908 756 2 0 7
0 0 0 0 0 1 0 0 0 8 1 0 0 1 51 20 7 2 0 0 4 1 0 0 1 2 154 22 4 2 1 0 0 1 0 0 0 0 1 110 692 0 2 1 1 1 0 1 2 0 0 0 0 0 0 0 2 56 14 1 0 0 1 2 3 205 2 1 0 0 0 0 2 111 0 2 1 0 0 2 5 9 61 4 0 1 6 0 3 0 3 913 2 0 0 1
1 0 0 1 6 1 0 0 1 11 1 0 0 1 58 3 2 0 0 0 2 12 0 0 1 2 186 1 0 0 1 0 0 0 4 1 0 0 0 1 695 1 0 1 0 0 0 0 0 0 0 0 1 0 0 0 0 1 74 1 0 0 0 1 2 211 1 0 0 0 1 0 0 120 6 2 1 0 0 1 2 0 4 74 76 9 0 0 1 4 929 4 0 1 0 0
3 0 0 3 8 0 0 0 1 18 1 0 0 0 62 1 0 0 0 0 0 15 0 0 0 1 192 2 1 0 0 1 0 0 0 8 0 0 0 699 3 2 1 0 0 0 0 0 0 0 0 1 3 1 1 0 0 0 1 79 1 0 0 0 1 216 1 0 0 2 2 0 1 131 7 4 2 0 0 0 0 0 1 1 1 90 1 0 3 937 0 5 3 1 0 0
5 0 1 13 1 0 0 2 2 21 0 0 0 1 65 1 0 0 1 0 0 0 17 0 1 2 199 2 1 0 1 3 0 0 0 11 1 1 0 1 707 2 1 0 0 2 2 0 0 3 11 14 25 28 0 37 1 0 0 136 1 1 0 0 0 219 1 0 0 1 6 0 1 135 1 1 0 0 0 0 0 0 0 0 0 0 94 1 945 2 0 2 1 0 0 4
7 0 2 16 0 0 0 4 26 0 0 0 1 69 2 1 0 0 4 0 0 0 22 0 0 1 204 1 0 0 0 7 0 1 0 0 14 2 0 710 8 2 1 0 0 7 1 0 0 5 1 1 1 1 32 0 43 48 52 1 141 3 0 0 227 3 1 0 0 0 2 8 142 3 0 0 0 0 1 3 2 0 0 0 1 2 98 952 3 0 1 0 0 0 6 2
77929 1 3 18 0 1 1 32 1 0 0 0 1 80 2 1 0 0 8 2 0 0 24 0 0 1 209 1 0 0 2 8 1 2 0 2 15 3 712 13 1 4 1 0 1 10 0 0 0 2 0 0 0 0 0 0 2 1 1 0 2 149 155 0 230 1 0 0 0 1 164 159 6 1 2 0 0 0 0 1 7 4 1 0 0 1 101 954 0 1 0 0 0 0 13 2
0 77925 4 19 43 41 38 2 1 0 0 1 3 84 2 1 0 0 13 0 0 0 1 26 0 1 213 0 0 0 5 9 2 3 1 764 760 740 733 1 1 0 1 0 2 21 4 2 1 0 0 0 0 0 0 0 0 0 0 0 0 1 3 390 1 0 0 0 1 176 7 2 1 1 0 0 2 0 0 0 0 9 7 0 1 0 1062 3 2 1 0 0 1 18 3 2
1 3 77915 77904 77836 6 5 4 1 0 1 0 2 95 2 1 0 0 1 17 0 0 1 31 0 1 216 1 0 0 804 797 785 779 770 2 2 1 2 0 0 0 0 30 26 1 3 1 0 0 0 0 2 1 1 0 0 0 0 0 0 0 0 393 0 0 0 0 185 4 1 1 1 0 0 1 3 5 0 0 0 1 13 23 0 3 1067 3 2 1 0 0 1 19 6 1
0 5 3 2 1 77826 77822 5 4 3 0 0 0 99 1 0 0 0 2 19 0 0 1 32 0 0 221 0 1 808 1 0 1 1 1 1 1 0 0 0 0 0 34 0 0 0 0 0 0 0 0 3 12 17 23 26 31 35 37 39 0 0 0 1 395 0 1 189 1 1 1 0 0 0 0 0 0 11 2 0 0 0 0 2 27 1111 10 7 4 2 0 0 1 34 2 1
0 3 2 1 0 2 0 77814 1 0 0 0 0 101 0 0 0 2 25 1 0 0 0 35 0 1 1039 814 811 1 0 0 0 0 0 0 0 0 0 0 1 38 0 0 0 0 0 1 1 0 0 0 2 1 2 0 2 1 1 4 46 1 0 0 399 201 199 6 1 0 0 0 0 0 0 0 0 1 19 2 0 0 0 0 1 1114 1 1 1 0 0 0 2 41 2 1
1 0 1 0 1 0 1 2 77808 2 0 0 1 107 2 0 1 29 0 0 0 0 1 39 1 0 25062 24021 24020 24016 0 0 0 0 0 0 0 0 1 47 41 0 0 0 1 9 6 3 0 1 0 0 0 0 1 0 0 0 0 1 1 51 54 56 662 2 1 1 1 0 0 0 1 1 2 0 0 1 0 27 2 0 0 0 1118 4 0 0 0 0 0 0 0 46 2 1
0 0 0 0 0 1 2 3 77804 0 0 0 1 25459 25350 34 32 1 0 1 1 1 0 0 43 25067 2 0 2 24010 3 1 1 0 0 1 1 2 52 0 0 0 0 19 15 3 1 0 0 0 3 0 0 0 0 1 0 0 0 0 0 0 3 5 671 1 0 0 0 0 0 1 3 5 1 0 0 1 2 3 33 4 0 1 1127 2 2 0 0 0 1 0 0 47 2 1
2 0 0 0 0 1 2 3 77798 0 1 25467 25463 0 0 25313 3 0 1 2 5 2 0 1 25118 5 0 0 1 0 24008 4 1 0 1 2 2 57 0 0 0 0 25 3 1 0 0 0 0 2 5 1 0 0 0 0 6 1 0 0 1 2 0 0 674 0 0 0 0 0 0 1 12 2 2 0 0 1 2 0 0 40 1 1135 4 1 1 0 0 4 2 1 0 56 2 1
9 5 3 0 0 1 2 3 52313 25478 25475 3 0 0 1 9 25298 25292 25213 25209 25203 0 1 25126 4 1 3 0 0 0 24002 1 0 0 3 3 63 1 0 0 0 2 28 1 0 0 0 0 2 0 11 1 1 0 0 10 2 1 0 0 2 3 4 5 683 1 4 2 0 0 1 16 0 6 1 0 0 1 2 0 0 1 1182 0 1 0 0 0 0 0 6 12 0 57 1 0
17 0 0 0 0 0 0 1 52308 0 2 1 0 0 2 3 4 77 0 1 1 25193 25188 0 1 0 0 1 0 1 23998 0 0 0 5 71 66 1 0 0 2 36 1 0 0 0 0 2 5 10 28 2 1 0 0 15 1 0 0 0 0 1 2 3 688 9 3 2 0 0 1 20 0 9 1 0 0 0 2 6 1 2 1195 8 6 2 1 0 0 1 2 0 13 61 1 0
