Summer_School_UNIBAS_SpatialEcology_Matera_2016/GFI/1/INPUT_calibration/flowacc_rit.txt
ncols        568
nrows        686
xllcorner    376209.518809247350
yllcorner    4202368.533232135700
dx           90.037702082453
dy           90.005760368660
NODATA_value -9999
[rows 308 to 351 of 686, columns 192 to 287 of 568]
1 1 2 0 0 0 0 1 1 27 2 1 0 0 1 1 0 396478 11 3 2 1 0 0 2 8 1 0 0 1 4 1 0 0 2 9 1 0 0 2 1 1 1 28 2 1 0 0 6 2 0 0 1 0 0 0 86 1 1 102 1 0 4 3 2 1 0 0 1 0 0 0 0 1 3 1 18 25 1 0 2 6 1 0 1 0 1 3 1 0 0 2 0 1 28799 1
0 0 0 0 0 0 0 0 1 30 2 1 0 0 2 4 396470 6 10 2 1 0 0 0 4 12 0 0 0 3 7 0 0 1 14 2 1 0 0 1 5 8 11 48 1 0 0 1 13 2 0 0 1 4 1 0 89 2 133 12 11 10 4 3 2 1 0 0 0 0 0 0 0 1 2 14 1 2 0 0 1 4 0 0 0 0 1 0 0 0 1 2 4 5 6 28787
8 9 10 12 2 0 0 0 0 1 36 2 1 0 3 396461 1 5 6 4 1 0 0 2 18 1 0 0 2 4 10 0 0 1 26 3 2 1 0 0 1 4 6 56 0 0 0 20 2 0 0 0 1 2 10 0 90 138 0 14 11 8 5 3 1 0 0 0 1 2 2 0 0 0 3 2 0 0 0 0 1 0 0 0 0 0 0 0 0 0 1 0 0 1 2 28768
0 1 3 5 20 5 0 0 0 1 2 43 2 1 1208 395247 0 4 1 0 1 0 1 74 70 0 0 1 3 16 1 0 0 1 33 5 3 1 0 0 1 0 0 59 0 1 25 2 0 0 0 0 1 0 0 12 233 2 0 0 0 1 1 0 0 0 0 1 3 11 4 2 0 0 0 0 0 0 1 0 0 0 0 1 2 0 0 0 1 1 0 0 0 1 2 28759
0 0 0 0 0 28 1 1 0 0 0 44 48 1198 6 395246 0 0 0 0 0 85 82 6 3 47 40 39 33 3 0 0 0 3 36 1 0 0 0 0 0 1 2 3 97 29 2 0 0 0 0 1 2 5 8 368 120 115 0 0 0 0 0 0 0 1 1 2 19 2 1 0 0 0 0 0 0 5 1 0 0 0 2 3 4 1 0 0 2 5 3 0 1 2 3 28751
1 0 0 0 0 1 33 2 1 1 1078 1081 1084 63 5 395244 0 0 0 0 89 1 0 1 2 2 1 2 2 4 0 1 3 41 1 0 0 0 1 0 1 0 0 1 102 1 0 0 0 1 1 0 1 0 380 1 0 2 114 8 1 0 0 0 0 3 35 32 6 2 0 0 2 0 0 1 10 1 0 0 0 1 2 7 7 1 0 0 1 2 13 21 22 23 28715 15
4 1 1 1 0 1 0 37 2 1074 1 1 1 62 4 8 395233 102 101 94 2 1 0 0 1 1 0 1 1 1 0 1 2 50 1 0 0 1 4 0 0 3 1 2 108 1 0 0 1 2 2 0 1 5 384 1 0 1 0 103 3 1 0 1 1 45 2 1 1 0 0 0 1 4 1 2 12 0 1 0 1 0 0 12 10 2 0 0 1 3 1 1 2 3 28690 4
7 2 2 2 0 0 4 1063 1068 0 0 0 0 61 3 7 395128 0 0 4 3 2 1 0 0 0 0 0 0 0 0 0 1 58 1 0 0 8 1 0 0 1 6 7 119 1 0 3 0 3 0 3 0 395 2 0 0 0 0 1 99 86 4 2 51 1 1 1 0 0 0 0 2 10 2 3 16 2 1 0 0 2 1 0 27 0 0 0 0 0 0 0 1 2 28680 1
11 3 3 3 1 0 1019 3 1 0 0 0 1 60 2 6 395126 1 0 0 2 1 0 0 0 0 1 0 0 0 0 1 2 63 0 0 1 13 1 0 0 1 3 0 0 121 0 0 5 4 1 4 400 0 0 1 0 0 0 0 1 8 80 76 0 0 0 0 0 0 1 5 7 10 22 49 0 2 2 0 0 2 6 13 44 1 1 0 0 0 1 2 3 4 28674 2
3 974 981 991 1005 1011 1 1 0 0 0 1 56 0 1 5 19 395103 0 8 3 2 1 0 1 3 1 1 1 0 0 1 2 68 0 1 16 2 1 0 0 0 0 7 0 122 0 1 550 543 535 530 0 1 0 0 3 1 0 0 1 5 2 1 20 2 1 0 0 0 1 0 0 0 1 1 61 3 0 0 0 1 3 1 5 56 1 1 0 0 0 1 2 16 28653 48
957 2 1 4 10 2 1 0 0 0 1 51 1 0 0 4 18 4 395095 2 1 0 0 1 27 24 16 11 2 0 0 1 2 72 0 2 20 1 0 0 1 3 0 9 0 1 124 556 2 1 1 2 119 0 0 9 3 2 0 0 2 1 1 0 3 12 3 2 0 0 0 0 0 0 0 0 1 65 1 0 0 0 0 2 0 2 64 1 1 0 0 1 2 7 28603 2
2 1 0 3 7 1 1 0 0 1 43 3 0 0 1 2 17 3 395082 1 0 0 36 32 3 1 0 1 5 2 0 0 2 4 74 24 4 1 0 0 0 0 4 5 10 693 689 2 1 0 0 1 2 114 108 2 1 0 0 0 0 0 0 0 1 1 5 0 0 0 2 1 1 0 0 0 0 74 4 2 0 0 0 0 1 0 5 78 2 1 0 0 1 1 28595 3
2 1 0 2 4 1 0 0 0 1 38 1 0 0 1 15 0 2 395079 0 0 41 2 1 0 0 0 0 0 0 0 0 0 1 116 8 2 1 0 0 2 1 1 2 713 1 1 1 1 0 0 1 1 2 90 2 1 0 0 0 0 0 0 0 0 0 1 1 0 7 11 21 24 1 1 0 0 78 1 0 2 0 0 0 0 1 1 1 81 2 0 1 0 0 28594 3
0 1 0 1 2 0 0 0 0 31 5 0 0 1 2 12 0 0 6 395070 0 44 1 0 0 0 0 0 0 0 0 0 0 0 122 3 2 1 0 0 1 5 0 720 1 0 0 0 0 0 0 0 1 2 2 83 0 1 0 0 2 1 2 1 0 0 0 1 4 1 1 1 0 32 35 1 0 87 6 5 1 0 1 0 0 0 0 1 1 87 95 100 0 0 106 28481
1 0 0 0 0 0 0 0 23 5 3 0 0 1 6 1 4 5 29 1 395036 394987 4 2 1 2 1 1 1 0 1 0 1 2 129 2 1 0 0 0 0 2 6 722 0 1 0 0 0 0 0 0 1 1 2 81 2 1 0 0 4 5 4 1 0 0 0 0 0 0 0 0 1 1 1 44 45 88 3 2 1 0 0 3 1 0 0 0 2 0 1 1 101 103 104 28476
0 0 0 0 0 0 0 2 20 3 0 2 0 3 0 3 0 27 0 0 1 14 394966 0 394960 6 2 4 0 5 3 0 0 0 133 1 0 0 0 1 1 1 771 37 35 4 3 1 1 2 0 0 0 1 2 71 2 0 1 1 31 9 3 2 1 0 0 0 0 0 0 0 0 0 1 1 1 139 5 0 1 0 0 5 3 0 0 0 0 0 0 0 1 0 28307 28466
3 1 1 1 0 0 2 13 2 1 0 1 0 0 2 0 11 9 3 0 0 10 2 394965 0 394951 394932 14 8 0 0 1 1 0 135 0 1 0 1 0 786 781 4 0 1 25 22 17 11 2 1 0 0 1 1 2 64 52 41 38 0 9 2 0 0 2 0 0 1 2 1 0 0 0 0 0 0 0 146 2 0 0 0 1 11 1 0 0 0 0 0 0 0 28304 0 0
19 16 8 2 0 0 1 7 0 0 0 0 0 1 0 9 5 2 2 3 5 2 1 3 0 17 0 394915 0 1 0 2 2 0 137 1207 4 1 2 791 2 1 0 2 0 1 1 1 2 4 2 0 0 0 0 6 3 2 3 1 2 2 2 0 1 4 1 0 0 3 6 1 0 0 1 2 3 0 1 150 2 0 1 0 16 0 1 1 1 0 1 2 28301 1 0 0
0 1 4 2 0 0 3 1 0 0 0 0 0 2 7 2 1 1 1 2 0 1 0 0 0 16 0 5 394907 4 0 3 3 0 1348 1 1200 1197 1195 0 0 0 0 0 0 0 0 0 0 0 0 0 0 0 1 2 2 1 2 0 1 1 1 0 1 13 1 0 0 1 13 4 0 0 0 0 0 4 0 153 658 660 2 677 695 1 2 2 2 0 3 28293 3 2 0 0
0 0 1 1 0 0 0 0 0 0 2 1 0 1 1 1 0 0 0 1 0 0 5 9 13 1 0 3 393471 1429 1370 1369 1364 1359 1 0 1 0 396 1 0 0 0 0 0 0 0 0 0 0 0 0 1 0 0 0 1 0 0 0 0 0 0 0 1 16 1 0 0 0 14 6 0 0 1 1 1 8 494 496 3 3 668 3 2 702 715 6 0 0 816 27472 5 0 0 1
2 1 0 0 0 0 0 0 0 2 4 2 0 0 0 0 0 0 0 0 1 3 2 0 1 0 0 0 393470 50 6 5 2 4 1 0 0 1 2 392 1 0 1 2 1 1 1 0 2 1 0 0 3 1 0 0 0 0 0 0 0 0 0 0 1 2 22 1 0 1 16 7 0 0 1 2 5 492 4 0 2 2 2 2 1 0 1 718 720 806 3 27465 0 3 0 0
7 4 2 0 0 1 1 1 0 1 5 10 0 0 0 2 0 3 0 0 0 0 0 0 0 1 2 3 393469 49 0 1 1 1 1 0 0 1 2 0 385 365 358 3 2 4 0 4 5 2 0 0 5 3 2 0 0 0 2 2 1 0 0 1 2 3 4 25 1 0 19 9 0 0 1 2 468 2 2 0 1 1 1 1 0 0 0 0 8 74 2 27463 1 0 1 0
2 1 0 0 0 3 2 2 0 0 1 19 1 0 0 0 4 0 4 2 0 0 0 0 1 2 3 4 393464 47 1 0 0 0 0 0 0 0 1 4 13 1 2 351 348 342 16 9 2 1 0 0 1 13 0 0 1 1 13 6 2 0 0 1 0 0 42 45 74 79 102 113 1 0 1 464 2 2 1 1 0 0 0 0 0 1 2 5 1 73 1 27460 3 2 1 0
0 0 0 0 0 2 10 4 0 0 1 26 3 1 0 0 2 9 13 21 30 1 1 0 0 1 2 0 393458 44 2 1 0 0 0 0 0 0 1 3 8 0 1 1 1 0 318 2 1 0 0 0 2 17 0 1 2 19 2 1 0 0 0 2 29 33 1 1 1 1 0 1 118 1 446 6 2 1 1 0 0 0 0 0 0 0 1 0 0 72 0 7 27447 16 4 3
0 0 0 1 0 0 1 19 0 0 0 31 0 0 0 0 0 1 1 3 0 34 37 41 0 0 0 393456 0 40 1 0 1 0 1 1 1 0 0 1 5 1 0 0 0 0 314 1 0 0 0 1 0 22 0 37 31 5 2 0 0 0 2 20 1 2 0 0 0 0 0 0 1 445 2 0 1 1 0 0 0 0 1 3 1 3 0 1 69 0 1 6 27429 0 10 8
0 0 1 3 1 0 0 0 22 1 0 32 1 1 0 0 0 0 1 0 0 0 1 2 45 2 0 393450 0 37 3 2 0 1 2 2 6 3 0 0 3 0 0 0 0 1 18 291 1 0 1 0 2 70 44 2 2 1 1 0 0 1 14 1 0 0 0 0 1 0 0 0 1 318 0 1 0 0 0 0 0 1 1 0 5 6 40 41 24 0 0 3 27427 1 0 0
2 7 9 14 21 25 0 0 23 0 2 39 2 1 0 1 0 0 0 0 0 0 0 1 2 52 392200 0 1246 32 31 29 26 22 17 12 4 1 0 0 0 0 0 0 1 0 15 9 278 1 2 1 76 0 0 1 1 1 0 0 1 7 2 0 0 0 0 0 1 4 2 0 1 312 2 1 0 0 0 0 2 4 12 23 25 28 0 1 20 0 0 0 27424 0 0 0
0 1 1 0 1 28 0 0 25 1 3 43 2 0 1 2 2 0 0 0 1 1 0 0 1 2 392145 0 1245 3 1 0 0 0 0 0 0 0 0 0 0 0 1 0 1 13 7 0 0 274 271 80 0 0 1 0 0 0 0 0 1 2 0 0 0 1 1 0 0 0 11 0 303 0 3 2 1 1 0 0 2 4 7 0 0 0 0 13 19 0 0 1 27418 1 0 1
0 0 0 2 4 6 38 40 150 158 165 213 1 2 0 3 3 1 1 0 3 2 1 0 0 392129 4 5 1240 0 0 0 0 0 0 0 0 0 0 1 1 1 2 0 8 4 0 0 0 0 13 172 3 2 1 0 0 0 0 0 0 0 0 0 1 3 4 1 0 1 0 13 273 27 25 20 5 2 0 0 0 1 4 0 4 7 9 1 2 0 0 1 11 27405 13 11
2 0 0 0 0 0 0 82 2 1 1 0 215 3 1 4 4 2 2 0 5 3 2 1 0 392127 3 4 1238 0 0 0 1 1 38 2 0 1 1 2 12 9 0 2 2 2 0 3 10 12 0 11 154 149 0 0 1 1 2 0 0 0 0 1 2 3 8 8 0 0 0 0 258 2 0 3 13 5 3 0 0 0 3 1 0 1 0 0 0 0 0 3 8 5 27384 11
0 3 1 0 0 0 1 78 1 0 0 0 0 231 240 248 255 260 264 268 269 280 284 287 392121 4 2 3 1236 0 1 50 48 42 1 33 31 25 22 17 2 1 0 1 1 1 2 2 2 0 1 8 3 143 1 0 2 5 3 1 1 0 0 1 2 3 4 14 10 1 0 252 1 0 1 0 1 6 0 1 0 0 0 0 0 0 0 0 0 0 1 1 1 4 2 27368
4 6 11 24 29 30 75 0 0 0 0 0 8 4 1 1 0 0 0 0 0 0 0 391830 0 3 1 2 1234 2 52 0 0 0 0 0 0 0 0 0 0 0 0 0 0 0 1 1 1 0 4 2 2 0 141 35 33 19 6 5 2 0 0 1 2 0 0 0 95 103 106 142 2 1 0 0 0 0 4 0 0 0 0 0 1 0 2 3 0 0 0 0 0 3 1 1
4 6 9 0 0 0 37 4 0 0 1 6 1 1 0 0 0 0 0 0 1 1 391826 1 0 2 0 1 1230 53 0 0 0 0 0 0 0 0 1 0 0 0 0 0 0 0 0 0 0 1 1 1 1 0 104 0 1 1 7 4 2 0 0 0 0 3 1 67 2 1 0 0 137 3 2 1 0 1 0 0 1 1 1 0 0 2 3 12 0 1 0 0 0 0 0 0
0 1 1 2 0 0 36 2 2 0 1 0 0 0 0 0 0 2 1 1 4 391817 5 4 0 1 0 1 5 1169 1167 2 1 0 1 1 1 68 62 0 2 0 1 1 2 0 0 0 0 0 0 0 0 1 99 0 0 0 0 0 0 0 0 1 1 1 4 58 1 0 0 1 132 3 2 1 0 0 0 0 3 2 2 1 1 0 0 1 14 2 1 1 0 0 0 0
0 0 1 5 9 16 31 1 1 0 0 0 0 0 0 1 4 8 11 12 391807 3 2 1 0 0 0 1 2 0 0 1162 4 0 80 75 72 1 1 60 57 51 47 41 31 1 1 0 0 0 1 0 0 1 95 0 0 0 0 1 0 0 0 1 2 47 56 1 0 0 0 1 125 3 2 1 0 0 1 4 15 19 23 2 2 1 0 0 2 18 2 5 7 9 13 0
0 0 0 1 1 2 11 1 0 0 0 1 1 1 1 3 0 391676 391679 391684 108 0 0 0 0 0 0 0 1 2 23 1131 86 81 1 0 0 0 0 1 1 1 2 2 3 24 3 1 0 0 2 5 10 13 93 0 1 7 4 1 0 0 1 37 39 2 1 0 0 0 0 1 118 0 1 0 0 0 0 2 1 4 5 32 39 2 1 0 5 25 26 27096 27099 27107 27111 27126
0 0 0 0 1 4 2 0 0 0 0 1 2 2 2 4 391674 2 1 3 1 104 1 0 0 1 0 0 1 8 19 1043 1041 3 0 0 0 0 0 0 0 0 1 1 2 2 14 7 0 0 0 2 1 1 55 21 16 5 2 0 0 0 23 7 0 0 0 0 0 0 1 2 114 16 10 7 3 0 1 0 2 0 1 1 3 44 5 0 0 27062 27068 0 1 6 2 2
1 0 0 0 0 2 0 0 0 0 1 2 2 9 3 391665 5 1 0 2 0 1 99 1 0 2 1 0 5 7 1 0 0 1039 1 1 1 1 0 0 0 0 0 0 1 1 1 3 4 0 0 0 0 0 52 0 1 1 1 0 0 19 0 0 5 1 0 0 0 1 1 94 0 1 2 1 1 0 0 0 0 0 0 0 0 1 53 1 27060 0 2 0 0 5 1 1
2 1 1 0 0 0 0 0 0 1 1 2 6 10 391654 2 2 1 0 1 0 0 14 81 3 0 2 3 4 1 0 1 8 1036 5 4 0 2 2 1 1 0 0 0 0 0 0 2 1 0 0 1 0 1 49 6 0 0 0 0 0 0 14 1 0 0 0 2 1 48 52 32 1 0 0 1 0 0 0 0 0 0 0 0 1 2 54 27055 1 0 0 0 2 1 0 0
46 54 1 0 0 0 3 0 0 1 2 3 11 391628 10 1 1 1 0 0 0 1 12 75 1 0 0 0 2 0 0 5 0 4 1014 1012 5 3 5 2 3 1 2 0 0 0 0 0 0 0 0 1 11 23 5 9 4 1 0 0 2 10 1 0 0 0 1 2 44 1 0 25 5 4 1 0 0 0 0 2 0 1 2 0 1 5 100 26896 0 0 0 0 0 0 0 0
1 1 60 0 1 6 0 0 0 1 2 3 204 391410 7 6 0 0 0 0 2 8 0 68 3 1 0 0 0 0 2 1 0 2 0 2 1002 1000 22 15 7 6 2 1 1 0 0 0 0 1 3 6 8 1 4 0 7 1 0 0 1 3 0 0 0 1 0 31 3 0 0 24 3 1 1 0 0 1 0 1 4 0 5 0 1 87 5 26894 0 1 0 0 0 0 2 0
0 3 4 64 9 1 0 0 1 3 2 3 199 391409 1 0 5 2 0 0 0 3 4 10 51 45 38 0 0 0 1 0 0 0 0 0 0 0 975 4 3 2 1 0 0 3 2 0 0 0 1 3 3 0 0 2 6 1 0 0 0 0 0 0 1 2 5 23 1 0 0 15 1 0 0 0 1 2 0 1 2 5 1 6 7 84 4 26892 2 1 0 1 0 1 4 3
2 0 1 84 1 0 0 1 3 4 13 14 194 391406 2 1 0 1 0 0 2 3 9 2 1 3 0 35 18 0 0 0 0 0 0 0 0 0 958 10 2 1 0 0 0 5 3 2 1 0 1 0 0 1 0 0 0 2 1 0 0 0 0 0 1 2 18 0 2 0 8 3 1 0 0 2 2 3 0 3 0 9 0 2 0 75 3 3 26884 6 3 0 0 1 2 9
1 2 3 87 1 0 0 1 2 3 2 3 178 8 391393 7 1 0 0 0 2 4 3 1 0 2 3 0 9 15 3 0 1 1 1 0 1 951 5 6 3 2 0 0 1 7 7 3 0 1 0 0 0 0 0 0 0 1 0 0 1 1 1 0 1 8 3 1 1 0 6 1 0 0 1 2 9 17 18 20 44 45 58 67 70 2 2 2 2 26873 26870 26868 1 0 31 25
